n,c,s,trial
1000,5875,4168,1
2000,12705,10716,1
3000,19531,14297,1
4000,26976,18684,1
5000,32466,23662,1
6000,44507,28636,1
7000,47710,34647,1
8000,65543,38499,1
9000,69294,53923,1
10000,75809,57920,1
11000,80573,62745,1
12000,91536,61720,1
13000,105348,80320,1
14000,111709,81978,1
15000,130709,77849,1
16000,130106,97631,1
17000,131915,100358,1
18000,144216,103135,1
19000,148923,104672,1
20000,167160,123018,1
21000,171120,125903,1
22000,189194,132102,1
23000,192280,142817,1
24000,202033,141871,1
25000,214019,155415,1
26000,222495,146705,1
27000,248563,166885,1
28000,234093,167399,1
29000,261259,167354,1
30000,263960,182590,1
31000,269785,188698,1
32000,281340,184414,1
33000,302588,219615,1
34000,302025,226571,1
35000,316556,222394,1
36000,322139,225555,1
37000,313814,221270,1
38000,343714,237342,1
39000,366501,235175,1
40000,364562,244583,1
41000,367897,270690,1
42000,377168,250944,1
43000,386714,278724,1
44000,419450,292483,1
45000,414592,299613,1
46000,419756,293931,1
47000,412755,302104,1
48000,456218,298446,1
49000,466746,336448,1
50000,458926,308491,1
1000,6073,3840,2
2000,11405,8865,2
3000,19572,13461,2
4000,26442,19480,2
5000,34948,24605,2
6000,40431,29536,2
7000,48553,35422,2
8000,61795,40426,2
9000,70231,49371,2
10000,80337,62767,2
11000,88075,58012,2
12000,90535,68438,2
13000,104931,72464,2
14000,114891,73532,2
15000,137855,78223,2
16000,133005,99948,2
17000,141534,101276,2
18000,147752,99891,2
19000,152611,104673,2
20000,176935,122890,2
21000,170173,130106,2
22000,188925,140188,2
23000,197112,141163,2
24000,202246,139483,2
25000,210359,161355,2
26000,236264,172789,2
27000,234941,164600,2
28000,288624,204235,2
29000,261959,180818,2
30000,262582,202194,2
31000,280356,177762,2
32000,281058,193352,2
33000,309731,213081,2
34000,320213,222065,2
35000,325142,251354,2
36000,318032,234308,2
37000,324578,227517,2
38000,341136,233105,2
39000,340170,245488,2
40000,371482,238966,2
41000,379695,306407,2
42000,388046,288924,2
43000,390543,286435,2
44000,392297,300095,2
45000,415738,263807,2
46000,416802,295199,2
47000,434259,324278,2
48000,431157,296902,2
49000,481598,351577,2
50000,477556,337977,2
1000,5235,4059,3
2000,12049,8865,3
3000,19108,14221,3
4000,27146,19357,3
5000,35683,25312,3
6000,43514,34664,3
7000,46682,34780,3
8000,64663,40878,3
9000,65661,48581,3
10000,76714,58853,3
11000,86603,59585,3
12000,96261,74628,3
13000,101547,72699,3
14000,114431,81682,3
15000,116891,84152,3
16000,125416,89259,3
17000,135638,96370,3
18000,141939,105955,3
19000,150998,109883,3
20000,172498,131438,3
21000,169183,127851,3
22000,180286,131611,3
23000,190677,144170,3
24000,197760,136165,3
25000,208499,147839,3
26000,220112,145306,3
27000,236989,159594,3
28000,263183,197105,3
29000,258070,188179,3
30000,261801,177057,3
31000,277233,182506,3
32000,273927,201023,3
33000,292484,203446,3
34000,297950,227201,3
35000,315884,220386,3
36000,325425,211362,3
37000,318903,230918,3
38000,388815,233864,3
39000,339691,257433,3
40000,351053,248729,3
41000,367939,269238,3
42000,377046,265712,3
43000,376297,284896,3
44000,418981,268966,3
45000,429274,301691,3
46000,422372,291232,3
47000,433281,298367,3
48000,422232,306236,3
49000,444212,315910,3
50000,478166,325824,3
1000,5871,4591,4
2000,11980,9161,4
3000,18928,13815,4
4000,27130,21975,4
5000,31695,25122,4
6000,47674,33088,4
7000,49025,35775,4
8000,59669,44373,4
9000,66629,48241,4
10000,81866,55232,4
11000,80956,57376,4
12000,91839,61295,4
13000,104963,69783,4
14000,111792,76045,4
15000,120581,82911,4
16000,126226,96044,4
17000,129629,101158,4
18000,159370,117092,4
19000,162367,112189,4
20000,160893,119201,4
21000,163333,122748,4
22000,181768,143107,4
23000,198710,136199,4
24000,205439,139651,4
25000,232009,174593,4
26000,232717,163603,4
27000,245293,155386,4
28000,239120,180796,4
29000,258316,172990,4
30000,259882,175527,4
31000,267455,200122,4
32000,293428,193326,4
33000,277820,188609,4
34000,302436,196325,4
35000,307155,231516,4
36000,332746,264643,4
37000,346810,253248,4
38000,345805,223350,4
39000,346050,233808,4
40000,361238,258164,4
41000,360728,262553,4
42000,407350,281537,4
43000,395069,297794,4
44000,416064,279096,4
45000,415512,273024,4
46000,421476,324799,4
47000,405499,293722,4
48000,440319,312350,4
49000,455156,309189,4
50000,445356,313006,4
1000,5041,3996,5
2000,12270,8591,5
3000,19734,14320,5
4000,27633,17989,5
5000,33411,27985,5
6000,43823,31253,5
7000,48245,34544,5
8000,64129,41827,5
9000,65839,45965,5
10000,77180,52258,5
11000,88920,61219,5
12000,87539,66195,5
13000,100045,70526,5
14000,114020,76809,5
15000,121235,82851,5
16000,126372,86873,5
17000,135684,98950,5
18000,150818,109419,5
19000,170489,103849,5
20000,165419,123288,5
21000,180038,137053,5
22000,178020,133673,5
23000,192074,145271,5
24000,209897,153502,5
25000,218199,145508,5
26000,216173,165125,5
27000,223100,160762,5
28000,243734,167269,5
29000,248424,171348,5
30000,248554,175949,5
31000,284657,226831,5
32000,277547,184104,5
33000,285182,195052,5
34000,311654,206587,5
35000,288162,220280,5
36000,319621,235586,5
37000,335049,241194,5
38000,359636,230562,5
39000,353879,270533,5
40000,367256,265135,5
41000,389815,267286,5
42000,366695,260565,5
43000,389013,287032,5
44000,384527,266763,5
45000,396032,278068,5
46000,416176,268629,5
47000,437801,285574,5
48000,439697,308739,5
49000,445555,338866,5
50000,469495,362149,5
1000,5018,4022,6
2000,12002,9435,6
3000,18423,14681,6
4000,26414,19464,6
5000,35988,24651,6
6000,45565,33835,6
7000,50434,35346,6
8000,58079,42120,6
9000,68061,47171,6
10000,76992,55512,6
11000,80582,59487,6
12000,90440,63769,6
13000,99240,71012,6
14000,115030,76613,6
15000,119001,94460,6
16000,120946,90794,6
17000,141471,96933,6
18000,151670,98800,6
19000,157533,114137,6
20000,168004,135281,6
21000,169505,125085,6
22000,194084,143972,6
23000,206298,137239,6
24000,195135,148148,6
25000,211836,152966,6
26000,227900,156670,6
27000,235522,178187,6
28000,248309,182166,6
29000,277280,201627,6
30000,270532,167777,6
31000,264196,176753,6
32000,284979,197442,6
33000,296420,205615,6
34000,316698,217878,6
35000,309534,223603,6
36000,309797,219481,6
37000,341019,229067,6
38000,334412,252218,6
39000,352979,234326,6
40000,344710,255404,6
41000,372849,249258,6
42000,385848,256107,6
43000,414173,264217,6
44000,402104,295148,6
45000,394590,271110,6
46000,441364,275700,6
47000,426446,296616,6
48000,442491,299786,6
49000,450434,320774,6
50000,471808,319074,6
1000,5908,4249,7
2000,11297,8559,7
3000,19690,14871,7
4000,25803,21199,7
5000,31984,24615,7
6000,45224,32078,7
7000,53088,37681,7
8000,56867,41840,7
9000,69328,53478,7
10000,77672,53856,7
11000,91304,58519,7
12000,94845,67907,7
13000,95172,73795,7
14000,109300,81322,7
15000,116851,88439,7
16000,128234,97551,7
17000,135569,100835,7
18000,141490,107872,7
19000,163472,115971,7
20000,168973,118198,7
21000,179681,116931,7
22000,185466,131328,7
23000,199875,133590,7
24000,208235,135166,7
25000,222231,153487,7
26000,217383,155788,7
27000,242766,155884,7
28000,234998,177915,7
29000,244617,167193,7
30000,263017,198351,7
31000,257719,187755,7
32000,263129,187729,7
33000,293894,200898,7
34000,293899,207857,7
35000,310794,211569,7
36000,314864,236975,7
37000,331106,237581,7
38000,343706,243099,7
39000,338690,241229,7
40000,354748,251709,7
41000,374783,248121,7
42000,384545,266443,7
43000,405382,283991,7
44000,405571,277356,7
45000,394048,277066,7
46000,415512,291977,7
47000,449405,326604,7
48000,429924,310705,7
49000,448998,325127,7
50000,483533,311891,7
1000,5843,5011,8
2000,11757,9452,8
3000,17965,13670,8
4000,24503,19386,8
5000,33029,25934,8
6000,42537,31617,8
7000,51181,39004,8
8000,63769,43924,8
9000,63664,47891,8
10000,78435,51385,8
11000,90625,59023,8
12000,89536,65292,8
13000,93852,71380,8
14000,118601,79895,8
15000,121151,81490,8
16000,120119,91174,8
17000,134288,99381,8
18000,150280,106025,8
19000,160919,133006,8
20000,164381,115233,8
21000,178493,124561,8
22000,191046,123100,8
23000,190027,135690,8
24000,206153,151849,8
25000,210453,160185,8
26000,216111,153569,8
27000,221587,159231,8
28000,228488,168421,8
29000,265786,197094,8
30000,261452,182274,8
31000,262083,204952,8
32000,275977,185138,8
33000,299892,202020,8
34000,316102,235810,8
35000,319244,218335,8
36000,313240,226833,8
37000,367506,278048,8
38000,337737,235302,8
39000,329751,228831,8
40000,359342,253147,8
41000,359558,261552,8
42000,377292,260043,8
43000,397121,287603,8
44000,409375,279538,8
45000,397901,277042,8
46000,413893,304881,8
47000,433574,307434,8
48000,465023,297703,8
49000,438243,307543,8
50000,456518,316938,8
1000,5622,4282,9
2000,12906,10106,9
3000,19705,14051,9
4000,27685,21860,9
5000,34678,23861,9
6000,41120,31157,9
7000,55989,44527,9
8000,62696,50205,9
9000,66569,52123,9
10000,74777,56314,9
11000,84188,58851,9
12000,93654,67584,9
13000,100120,71248,9
14000,116078,79797,9
15000,117000,85451,9
16000,141817,96257,9
17000,140799,95363,9
18000,146171,94447,9
19000,158065,110646,9
20000,167044,118575,9
21000,178446,132703,9
22000,192792,143428,9
23000,193393,144304,9
24000,206638,139145,9
25000,209102,140392,9
26000,218907,145662,9
27000,221727,168138,9
28000,233819,171795,9
29000,281557,189315,9
30000,255240,189593,9
31000,266999,195333,9
32000,291920,210316,9
33000,282951,198617,9
34000,306239,210563,9
35000,307786,206614,9
36000,331016,223511,9
37000,342594,232886,9
38000,319457,220329,9
39000,335123,251899,9
40000,359642,236876,9
41000,389584,240771,9
42000,370721,272774,9
43000,395909,275300,9
44000,384585,270033,9
45000,397953,283037,9
46000,421536,291214,9
47000,484475,310862,9
48000,430251,324443,9
49000,468358,307124,9
50000,444296,309157,9
1000,5397,4293,10
2000,12166,9299,10
3000,18006,13434,10
4000,27602,20456,10
5000,34647,24338,10
6000,45814,33358,10
7000,54823,37645,10
8000,60049,41128,10
9000,68593,48475,10
10000,85252,52425,10
11000,85342,62502,10
12000,96282,71761,10
13000,108757,80874,10
14000,103651,75561,10
15000,118077,90390,10
16000,124890,96127,10
17000,144391,101876,10
18000,144559,112644,10
19000,159614,122231,10
20000,166515,110804,10
21000,182189,119840,10
22000,175482,134415,10
23000,194369,132461,10
24000,209916,139668,10
25000,206744,145455,10
26000,217477,153006,10
27000,233841,164545,10
28000,235940,159063,10
29000,268475,198603,10
30000,262860,189053,10
31000,260450,183661,10
32000,279679,186973,10
33000,294869,188021,10
34000,322213,234646,10
35000,294093,217256,10
36000,304308,235399,10
37000,341235,224890,10
38000,330520,251553,10
39000,328157,244871,10
40000,368633,247350,10
41000,385202,282071,10
42000,377735,260872,10
43000,385653,291208,10
44000,426619,296605,10
45000,413094,302779,10
46000,430738,292260,10
47000,447907,298341,10
48000,427376,303320,10
49000,449712,324509,10
50000,489547,312011,10
