n,c,s,trial
1000,11860,4030,1
2000,23568,9550,1
3000,38208,14175,1
4000,54193,17251,1
5000,66140,24458,1
6000,81216,33451,1
7000,97694,38080,1
8000,109437,41118,1
9000,130589,47794,1
10000,148711,61085,1
11000,164345,58501,1
12000,196180,66606,1
13000,195222,72874,1
14000,218902,76597,1
15000,228167,94196,1
16000,241134,87324,1
17000,269320,95918,1
18000,285718,108788,1
19000,301762,118285,1
20000,338002,117328,1
21000,356594,136040,1
22000,353006,129947,1
23000,355835,133995,1
24000,395971,152357,1
25000,436698,138285,1
26000,431352,145596,1
27000,426071,169532,1
28000,451205,166831,1
29000,469274,179025,1
30000,482853,194953,1
31000,538855,194711,1
32000,533565,194361,1
33000,598743,208033,1
34000,556290,217200,1
35000,636532,204742,1
36000,604155,216096,1
37000,625956,232313,1
38000,635083,248656,1
39000,652365,261169,1
40000,676269,239347,1
41000,684566,258861,1
42000,730917,278022,1
43000,773488,258114,1
44000,737931,291815,1
45000,768194,296566,1
46000,806083,320107,1
47000,806331,318491,1
48000,834842,319292,1
49000,854948,305359,1
50000,878025,330165,1
1000,10331,4278,2
2000,23552,8966,2
3000,37845,13986,2
4000,58386,17483,2
5000,68694,30894,2
6000,79162,29812,2
7000,98720,38984,2
8000,110706,40757,2
9000,134062,54699,2
10000,146788,52742,2
11000,161126,56321,2
12000,183086,77485,2
13000,197502,70780,2
14000,215517,79201,2
15000,225418,89493,2
16000,236289,91547,2
17000,272296,108261,2
18000,276030,106068,2
19000,291792,111860,2
20000,307583,118848,2
21000,338673,141107,2
22000,347673,134664,2
23000,369588,146425,2
24000,374158,139512,2
25000,406542,135994,2
26000,426872,164302,2
27000,435258,169401,2
28000,453130,168179,2
29000,519511,173662,2
30000,521073,173954,2
31000,519443,182652,2
32000,546065,195263,2
33000,537946,201754,2
34000,549693,204979,2
35000,578780,220232,2
36000,616974,208909,2
37000,621609,229409,2
38000,666034,258261,2
39000,660874,251059,2
40000,706489,263981,2
41000,701273,257392,2
42000,717237,267633,2
43000,736591,255022,2
44000,743871,299728,2
45000,795987,270672,2
46000,792904,321911,2
47000,850738,336573,2
48000,860538,285822,2
49000,853628,335951,2
50000,873580,334305,2
1000,10383,3758,3
2000,22857,8448,3
3000,38733,13156,3
4000,51606,18557,3
5000,67545,24455,3
6000,80491,33183,3
7000,101442,37211,3
8000,132625,41418,3
9000,130251,56288,3
10000,144011,58375,3
11000,160869,62522,3
12000,179979,69217,3
13000,191504,71707,3
14000,214201,84303,3
15000,227413,84670,3
16000,247787,87083,3
17000,263587,102551,3
18000,304695,106717,3
19000,304924,109958,3
20000,338084,110863,3
21000,339316,130437,3
22000,353053,136968,3
23000,371670,155166,3
24000,398964,145962,3
25000,414801,148846,3
26000,431205,147283,3
27000,434699,167917,3
28000,448102,163158,3
29000,480929,171717,3
30000,490565,199340,3
31000,509287,190472,3
32000,537139,198122,3
33000,564745,212698,3
34000,557624,206151,3
35000,606365,201285,3
36000,592009,212068,3
37000,625785,243289,3
38000,647704,245649,3
39000,651444,243182,3
40000,660900,251981,3
41000,697876,258259,3
42000,703868,288896,3
43000,754776,264339,3
44000,749996,308634,3
45000,775136,305239,3
46000,798736,305325,3
47000,817130,293222,3
48000,882706,298340,3
49000,844914,332365,3
50000,960816,302898,3
1000,9976,4021,4
2000,24414,9109,4
3000,35562,14392,4
4000,52329,20410,4
5000,64989,24502,4
6000,84878,30203,4
7000,98140,38056,4
8000,120514,39803,4
9000,133203,48720,4
10000,147497,55133,4
11000,163079,64188,4
12000,192680,60974,4
13000,193708,78419,4
14000,211456,90797,4
15000,227951,85766,4
16000,255431,81560,4
17000,258493,100825,4
18000,283991,101888,4
19000,298028,116363,4
20000,305245,116247,4
21000,329046,120721,4
22000,361852,127111,4
23000,385190,149011,4
24000,391052,141283,4
25000,405505,151934,4
26000,422718,161285,4
27000,448424,165887,4
28000,462119,168437,4
29000,461619,173949,4
30000,487884,181755,4
31000,512678,189904,4
32000,545186,203196,4
33000,529108,196989,4
34000,561934,220311,4
35000,592835,240079,4
36000,611651,236070,4
37000,613089,226953,4
38000,660872,242611,4
39000,655735,253820,4
40000,669791,250758,4
41000,716928,257074,4
42000,695549,261870,4
43000,738488,273181,4
44000,770303,286962,4
45000,788664,303414,4
46000,788981,301723,4
47000,845951,309900,4
48000,840853,323650,4
49000,884341,303936,4
50000,904569,345124,4
1000,10390,3757,5
2000,22579,8536,5
3000,36945,16315,5
4000,52394,17949,5
5000,65525,25143,5
6000,83025,34317,5
7000,97043,39049,5
8000,116502,41551,5
9000,133187,49913,5
10000,149060,52405,5
11000,161659,59188,5
12000,185440,69423,5
13000,197836,72324,5
14000,216519,85929,5
15000,220974,86354,5
16000,257240,88909,5
17000,262938,113553,5
18000,280294,108598,5
19000,285085,106552,5
20000,306295,111406,5
21000,332696,122407,5
22000,341232,135220,5
23000,367128,132775,5
24000,382908,140249,5
25000,397118,151803,5
26000,413398,152559,5
27000,438382,162845,5
28000,449591,171550,5
29000,476491,189349,5
30000,527001,178816,5
31000,518437,193488,5
32000,535889,188701,5
33000,558376,199588,5
34000,567275,229160,5
35000,585207,221569,5
36000,596838,240713,5
37000,623126,232684,5
38000,651185,225930,5
39000,647313,243228,5
40000,699501,245303,5
41000,711984,252833,5
42000,741372,270722,5
43000,749961,254335,5
44000,764158,282130,5
45000,757827,297047,5
46000,780466,303587,5
47000,803777,299331,5
48000,840595,299960,5
49000,827266,308931,5
50000,873868,326954,5
1000,10544,3889,6
2000,22675,8468,6
3000,39836,14436,6
4000,52719,19569,6
5000,69029,25588,6
6000,88595,40366,6
7000,94461,38137,6
8000,113896,41201,6
9000,132297,52385,6
10000,142175,52002,6
11000,166547,59526,6
12000,175995,72994,6
13000,195395,72154,6
14000,225004,75221,6
15000,239554,82595,6
16000,256551,93337,6
17000,266267,98258,6
18000,280743,99726,6
19000,309638,111278,6
20000,334107,130103,6
21000,329930,119217,6
22000,356711,125239,6
23000,377251,131542,6
24000,394344,143224,6
25000,393210,150020,6
26000,438168,176094,6
27000,427117,165932,6
28000,467952,176765,6
29000,468880,172524,6
30000,503901,186324,6
31000,524227,180055,6
32000,529336,203592,6
33000,532939,201615,6
34000,568264,216664,6
35000,585514,216863,6
36000,609018,249406,6
37000,622042,239814,6
38000,652723,240904,6
39000,661315,260236,6
40000,664775,235250,6
41000,723740,241450,6
42000,749081,259152,6
43000,753960,272913,6
44000,779211,287071,6
45000,773104,289411,6
46000,804067,281406,6
47000,907331,324517,6
48000,854885,307623,6
49000,870695,330944,6
50000,891137,340096,6
1000,10404,4341,7
2000,22801,9476,7
3000,40831,16243,7
4000,50854,18414,7
5000,68321,23727,7
6000,82542,29601,7
7000,95079,35048,7
8000,116924,42746,7
9000,124560,48889,7
10000,139137,52323,7
11000,160233,58910,7
12000,180140,72728,7
13000,192330,76883,7
14000,211242,85652,7
15000,221774,83452,7
16000,252226,91653,7
17000,262561,93258,7
18000,274561,108092,7
19000,295228,111375,7
20000,322042,111576,7
21000,345839,130336,7
22000,368247,128951,7
23000,364778,136687,7
24000,386239,144684,7
25000,404746,154327,7
26000,412104,151935,7
27000,437746,168794,7
28000,463480,163231,7
29000,496344,176181,7
30000,501584,185608,7
31000,520280,214256,7
32000,536800,207603,7
33000,546927,207498,7
34000,581937,222136,7
35000,593041,226922,7
36000,593052,225576,7
37000,630584,236332,7
38000,628453,244603,7
39000,656355,238297,7
40000,692301,253404,7
41000,691361,282920,7
42000,712327,268031,7
43000,790722,263022,7
44000,799782,310691,7
45000,804625,294924,7
46000,778693,289105,7
47000,821879,308819,7
48000,841533,323808,7
49000,863744,355381,7
50000,880095,310398,7
1000,9995,4355,8
2000,25482,11595,8
3000,37398,13751,8
4000,50183,19637,8
5000,69178,24585,8
6000,80158,31266,8
7000,101176,39067,8
8000,111973,40642,8
9000,125852,47331,8
10000,142591,55048,8
11000,156763,61148,8
12000,181572,60748,8
13000,192052,72425,8
14000,207270,84931,8
15000,238206,88779,8
16000,250625,102871,8
17000,272587,103969,8
18000,278132,97955,8
19000,308813,104819,8
20000,314391,113180,8
21000,350470,123389,8
22000,355415,144727,8
23000,373133,136787,8
24000,386113,144518,8
25000,404639,162968,8
26000,426241,157930,8
27000,442644,180621,8
28000,453351,177640,8
29000,481429,171832,8
30000,513494,184845,8
31000,538322,176029,8
32000,521853,209262,8
33000,549984,215943,8
34000,578938,223901,8
35000,593916,235204,8
36000,665378,221835,8
37000,651341,212941,8
38000,645266,229920,8
39000,682362,247278,8
40000,760477,266182,8
41000,708894,254965,8
42000,716144,278162,8
43000,727665,265344,8
44000,779138,286955,8
45000,784606,317428,8
46000,772756,295362,8
47000,825141,326188,8
48000,815141,313342,8
49000,836137,296474,8
50000,864761,341537,8
1000,11205,4150,9
2000,23971,9413,9
3000,36851,14689,9
4000,55047,18380,9
5000,67126,25971,9
6000,85737,31902,9
7000,99124,33982,9
8000,113517,41538,9
9000,127380,49155,9
10000,148052,54380,9
11000,160732,58155,9
12000,186021,64548,9
13000,196941,70893,9
14000,211839,77740,9
15000,233936,91926,9
16000,244804,91635,9
17000,259617,97785,9
18000,278502,97434,9
19000,301019,105422,9
20000,304531,118255,9
21000,354468,113415,9
22000,345060,129003,9
23000,374429,141171,9
24000,380240,132656,9
25000,407757,146033,9
26000,426077,144014,9
27000,465180,154339,9
28000,486024,176840,9
29000,495297,188566,9
30000,498924,182917,9
31000,514213,180750,9
32000,617793,184130,9
33000,567900,214439,9
34000,592684,221616,9
35000,615832,216211,9
36000,599799,222371,9
37000,633948,224704,9
38000,658220,239554,9
39000,659592,237568,9
40000,705049,244528,9
41000,703553,260662,9
42000,744782,269896,9
43000,737978,277987,9
44000,807103,267046,9
45000,761321,273726,9
46000,843796,315212,9
47000,827022,301941,9
48000,841119,295588,9
49000,907249,312460,9
50000,897994,318382,9
1000,10880,4125,10
2000,24221,8740,10
3000,35976,13970,10
4000,49827,20449,10
5000,66223,23930,10
6000,79589,30951,10
7000,100947,34104,10
8000,111256,41429,10
9000,134207,46754,10
10000,143346,52595,10
11000,160108,61065,10
12000,181673,62589,10
13000,192486,74883,10
14000,228422,72751,10
15000,227476,88369,10
16000,247079,97224,10
17000,253729,91522,10
18000,320478,100124,10
19000,286704,108281,10
20000,319546,119838,10
21000,335235,118557,10
22000,344963,129445,10
23000,358987,137848,10
24000,386848,152060,10
25000,418112,153785,10
26000,431993,165471,10
27000,443024,172976,10
28000,454146,171932,10
29000,476574,176311,10
30000,512829,190782,10
31000,503847,185318,10
32000,533539,180866,10
33000,560471,202440,10
34000,570804,208100,10
35000,585507,216430,10
36000,682120,219738,10
37000,625524,235811,10
38000,647082,231071,10
39000,673591,245237,10
40000,699233,257636,10
41000,704605,261557,10
42000,742137,291099,10
43000,727966,269885,10
44000,767173,323252,10
45000,749688,284233,10
46000,789285,292928,10
47000,822446,285916,10
48000,836276,332752,10
49000,860835,300241,10
50000,880425,311557,10
