n,c,s,trial
1000,10496,4697,1
2000,25773,13758,1
3000,39090,20878,1
4000,58618,25370,1
5000,70158,31838,1
6000,89722,38532,1
7000,101179,46806,1
8000,117160,52354,1
9000,134141,64285,1
10000,156793,74443,1
11000,164820,81262,1
12000,188781,79601,1
13000,210070,107011,1
14000,223664,102259,1
15000,246504,123420,1
16000,279595,118838,1
17000,288226,120999,1
18000,291444,147280,1
19000,307341,136992,1
20000,332351,159366,1
21000,341722,158672,1
22000,375691,192083,1
23000,378882,164431,1
24000,426389,228532,1
25000,433296,190334,1
26000,462360,210411,1
27000,491518,216645,1
28000,475961,216418,1
29000,499778,214809,1
30000,521360,243331,1
31000,573757,261000,1
32000,562486,261473,1
33000,578949,267586,1
34000,611137,284364,1
35000,704187,323202,1
36000,640585,273515,1
37000,678762,327541,1
38000,691574,329563,1
39000,695825,307832,1
40000,704227,347524,1
41000,754721,367720,1
42000,760099,364544,1
43000,789414,385249,1
44000,797433,344618,1
45000,807518,364230,1
46000,901160,363452,1
47000,853210,443625,1
48000,894022,412607,1
49000,885473,461355,1
50000,976700,490825,1
1000,11415,5035,2
2000,25289,12268,2
3000,38875,18483,2
4000,57459,27583,2
5000,68239,30433,2
6000,86620,41601,2
7000,107884,42331,2
8000,119321,57151,2
9000,152527,81720,2
10000,147499,68498,2
11000,179031,97681,2
12000,186731,86753,2
13000,203416,104720,2
14000,223147,100087,2
15000,251896,117800,2
16000,261209,122800,2
17000,290198,149008,2
18000,307757,139623,2
19000,307243,143874,2
20000,333399,164904,2
21000,352892,173251,2
22000,367384,173012,2
23000,391470,188435,2
24000,475835,218038,2
25000,410653,199665,2
26000,448718,213435,2
27000,482497,236252,2
28000,479554,232779,2
29000,514365,242752,2
30000,510460,247542,2
31000,549870,274710,2
32000,561477,264360,2
33000,583441,273247,2
34000,627254,295756,2
35000,624534,306917,2
36000,658661,321077,2
37000,664708,311740,2
38000,686011,329566,2
39000,719059,324300,2
40000,737519,322290,2
41000,782293,338058,2
42000,778771,357791,2
43000,781169,381562,2
44000,806426,353240,2
45000,813284,399526,2
46000,882871,460648,2
47000,828354,371444,2
48000,898692,464775,2
49000,898731,422855,2
50000,925442,456942,2
1000,10892,4794,3
2000,24303,12350,3
3000,40540,18509,3
4000,53756,26893,3
5000,70384,29469,3
6000,88497,41272,3
7000,107833,50657,3
8000,119241,48997,3
9000,138599,68170,3
10000,146526,69338,3
11000,175702,91192,3
12000,182467,85923,3
13000,214304,111339,3
14000,220935,107010,3
15000,245648,111105,3
16000,258948,116726,3
17000,271984,124914,3
18000,301550,153134,3
19000,309893,130610,3
20000,342877,159083,3
21000,361066,164185,3
22000,377307,177503,3
23000,380360,192363,3
24000,407478,196837,3
25000,438069,199968,3
26000,474778,208803,3
27000,467733,202721,3
28000,492751,249312,3
29000,487962,229940,3
30000,520918,255308,3
31000,541481,258068,3
32000,571776,270987,3
33000,591237,244851,3
34000,624836,289405,3
35000,603671,271748,3
36000,636946,311559,3
37000,704299,298168,3
38000,667053,319951,3
39000,733357,337931,3
40000,721580,339105,3
41000,723305,361177,3
42000,752947,346350,3
43000,760721,324131,3
44000,821671,366312,3
45000,812074,361965,3
46000,857566,392855,3
47000,893388,381851,3
48000,887686,404595,3
49000,917264,428235,3
50000,935332,428021,3
1000,11259,4831,4
2000,23874,9739,4
3000,40124,22105,4
4000,56627,28266,4
5000,67838,28797,4
6000,89764,39241,4
7000,105556,46034,4
8000,129659,66306,4
9000,132459,63172,4
10000,152165,63121,4
11000,174443,79947,4
12000,183764,85530,4
13000,207949,94866,4
14000,236355,117997,4
15000,241985,112077,4
16000,253092,124889,4
17000,281747,125893,4
18000,310869,142641,4
19000,353040,171283,4
20000,345955,159532,4
21000,355285,173279,4
22000,379912,160945,4
23000,392803,175957,4
24000,414276,196443,4
25000,416017,190477,4
26000,446707,206081,4
27000,481112,210243,4
28000,492415,237966,4
29000,509305,228043,4
30000,512807,233818,4
31000,562720,246750,4
32000,583352,261374,4
33000,580121,274311,4
34000,596284,296044,4
35000,643953,310755,4
36000,633417,305734,4
37000,712368,332368,4
38000,685905,324407,4
39000,708309,349047,4
40000,739565,348916,4
41000,762980,380036,4
42000,768828,355198,4
43000,790306,427558,4
44000,786955,370886,4
45000,848846,346805,4
46000,871805,382416,4
47000,925486,433215,4
48000,888306,418307,4
49000,895101,419349,4
50000,975216,418764,4
1000,11197,4973,5
2000,25947,10569,5
3000,41507,17873,5
4000,59620,27839,5
5000,75907,35458,5
6000,94804,48514,5
7000,109003,43080,5
8000,128451,57070,5
9000,142389,60370,5
10000,150788,72386,5
11000,166713,75459,5
12000,198570,89663,5
13000,200474,91046,5
14000,229025,115029,5
15000,232574,105587,5
16000,267118,122185,5
17000,302823,165853,5
18000,291504,131181,5
19000,327790,164719,5
20000,322335,147825,5
21000,343722,156180,5
22000,392359,214226,5
23000,392109,176712,5
24000,391731,181642,5
25000,437699,211581,5
26000,452639,191991,5
27000,459625,218161,5
28000,515196,241168,5
29000,522312,210437,5
30000,519623,251427,5
31000,534228,268006,5
32000,572691,253266,5
33000,578638,272324,5
34000,623972,267538,5
35000,659114,328477,5
36000,659133,319397,5
37000,702734,381568,5
38000,726968,352739,5
39000,692668,319941,5
40000,750105,361221,5
41000,746397,311848,5
42000,807578,369554,5
43000,787935,351257,5
44000,898473,416487,5
45000,847462,411356,5
46000,841653,381584,5
47000,894810,442199,5
48000,862126,428054,5
49000,920281,424408,5
50000,984343,457973,5
1000,10886,4227,6
2000,22659,10709,6
3000,38532,15682,6
4000,57539,25050,6
5000,71191,33173,6
6000,83448,40208,6
7000,100807,44380,6
8000,122234,57625,6
9000,147886,55518,6
10000,150025,74877,6
11000,176250,74752,6
12000,186454,83153,6
13000,220462,95616,6
14000,239833,111150,6
15000,253648,129241,6
16000,275904,125791,6
17000,277981,131575,6
18000,285590,130868,6
19000,331658,165546,6
20000,347394,155076,6
21000,346499,172257,6
22000,369741,157358,6
23000,394454,176080,6
24000,402507,189209,6
25000,438069,173763,6
26000,454521,224913,6
27000,452936,211396,6
28000,533240,236445,6
29000,533981,232780,6
30000,555933,279322,6
31000,525999,249697,6
32000,575724,286400,6
33000,618724,303806,6
34000,630346,303078,6
35000,652495,349230,6
36000,651227,289721,6
37000,678437,304291,6
38000,693060,307737,6
39000,752050,336122,6
40000,719932,351015,6
41000,780378,381530,6
42000,787829,385520,6
43000,780563,375844,6
44000,781887,379454,6
45000,846695,372972,6
46000,899548,408398,6
47000,867920,413156,6
48000,902819,419749,6
49000,1022507,438855,6
50000,1028723,511300,6
1000,11445,4433,7
2000,25012,12560,7
3000,39013,18656,7
4000,55718,28635,7
5000,67951,31438,7
6000,82693,39162,7
7000,103811,51193,7
8000,131453,53031,7
9000,131776,59061,7
10000,152484,65866,7
11000,187929,82977,7
12000,181751,83850,7
13000,204743,88417,7
14000,228333,103693,7
15000,234606,114021,7
16000,262824,121986,7
17000,274223,138737,7
18000,300018,133203,7
19000,310361,138090,7
20000,330624,153915,7
21000,340309,163575,7
22000,365431,167634,7
23000,441992,215070,7
24000,431294,210134,7
25000,430069,201812,7
26000,473805,238293,7
27000,450680,212291,7
28000,490192,232222,7
29000,499547,239411,7
30000,532334,281809,7
31000,571666,229643,7
32000,567306,269453,7
33000,571004,269286,7
34000,619197,267763,7
35000,628957,290753,7
36000,638414,276442,7
37000,649536,302330,7
38000,715124,349054,7
39000,763683,343693,7
40000,762155,368718,7
41000,704488,329604,7
42000,770126,372137,7
43000,804395,390333,7
44000,773407,362515,7
45000,876410,437655,7
46000,866626,410272,7
47000,890151,466404,7
48000,869069,436515,7
49000,922062,414220,7
50000,983304,428461,7
1000,10849,5193,8
2000,24590,10682,8
3000,43411,17583,8
4000,51681,22847,8
5000,73190,34974,8
6000,83805,37281,8
7000,110425,46503,8
8000,121485,56806,8
9000,136216,58560,8
10000,152808,69754,8
11000,176565,83894,8
12000,190713,87986,8
13000,211394,104134,8
14000,224687,108590,8
15000,254199,119081,8
16000,254239,111582,8
17000,275666,124697,8
18000,319043,146336,8
19000,320460,159404,8
20000,344114,153339,8
21000,342733,154280,8
22000,361459,176525,8
23000,393096,175532,8
24000,440316,224314,8
25000,428223,205688,8
26000,448772,219305,8
27000,493933,203246,8
28000,479929,215015,8
29000,538066,262375,8
30000,540001,276177,8
31000,544793,285248,8
32000,537388,249421,8
33000,597903,286808,8
34000,613636,278685,8
35000,659985,323127,8
36000,676898,290906,8
37000,647958,289892,8
38000,701049,321625,8
39000,714781,347784,8
40000,717914,328126,8
41000,771542,344785,8
42000,789126,400179,8
43000,784630,366050,8
44000,830463,404501,8
45000,801340,382412,8
46000,815338,401413,8
47000,877009,414822,8
48000,879654,425606,8
49000,941551,457935,8
50000,905729,435457,8
1000,10393,5666,9
2000,23334,10682,9
3000,41805,20280,9
4000,55367,25156,9
5000,72612,30884,9
6000,89106,42793,9
7000,101063,44113,9
8000,119731,59749,9
9000,134215,59525,9
10000,155818,66521,9
11000,165005,73076,9
12000,185773,82580,9
13000,211268,95188,9
14000,224557,101930,9
15000,240136,119138,9
16000,260441,121601,9
17000,283370,126097,9
18000,293653,140931,9
19000,339839,168832,9
20000,333537,145153,9
21000,362038,165725,9
22000,379737,172908,9
23000,419080,199946,9
24000,433770,188986,9
25000,415225,188766,9
26000,449201,211232,9
27000,447414,223984,9
28000,537161,230523,9
29000,509751,235041,9
30000,535354,224897,9
31000,586351,257054,9
32000,588132,286124,9
33000,591082,275978,9
34000,645312,280908,9
35000,649534,314553,9
36000,658680,294200,9
37000,710283,317573,9
38000,660855,311672,9
39000,776499,354435,9
40000,733087,315981,9
41000,760973,351805,9
42000,846353,449662,9
43000,847449,354707,9
44000,795922,366004,9
45000,850704,420906,9
46000,869789,391241,9
47000,879288,382416,9
48000,913287,452427,9
49000,904552,423511,9
50000,903501,446977,9
1000,11043,4847,10
2000,23247,10364,10
3000,41100,18084,10
4000,54169,24508,10
5000,68701,33230,10
6000,85871,40754,10
7000,103214,49149,10
8000,120868,58633,10
9000,129383,63614,10
10000,169562,89584,10
11000,175570,80807,10
12000,191121,84018,10
13000,201645,95904,10
14000,236709,120576,10
15000,247565,117398,10
16000,267956,120636,10
17000,273495,121774,10
18000,305167,136596,10
19000,301590,141099,10
20000,332334,139523,10
21000,386620,188382,10
22000,388476,184651,10
23000,390206,187263,10
24000,414710,203161,10
25000,432650,202425,10
26000,470587,212396,10
27000,460660,215718,10
28000,477260,212480,10
29000,541296,236939,10
30000,509940,224660,10
31000,560976,264582,10
32000,544025,260461,10
33000,576372,266362,10
34000,589382,260738,10
35000,623869,303040,10
36000,635209,321500,10
37000,700453,306232,10
38000,668973,337087,10
39000,723132,363743,10
40000,732591,355389,10
41000,715457,354298,10
42000,778809,359079,10
43000,782750,353985,10
44000,810421,359688,10
45000,808650,391254,10
46000,879194,385897,10
47000,857800,404520,10
48000,907497,436273,10
49000,893186,398847,10
50000,1049239,498028,10
