n,c,s,trial
1000,10104,5596,1
2000,22948,12691,1
3000,37627,21297,1
4000,51906,28709,1
5000,66479,36202,1
6000,83628,46345,1
7000,99632,54848,1
8000,111171,60317,1
9000,132042,71213,1
10000,149334,80793,1
11000,164220,89399,1
12000,182472,99019,1
13000,196412,106531,1
14000,218496,120550,1
15000,233529,126684,1
16000,253576,136969,1
17000,268036,143826,1
18000,287676,155402,1
19000,307719,166739,1
20000,328870,177415,1
21000,345340,187005,1
22000,359518,193227,1
23000,382584,206299,1
24000,398519,214933,1
25000,419914,225299,1
26000,431125,232035,1
27000,459762,249689,1
28000,469806,252919,1
29000,496137,267595,1
30000,519941,279560,1
31000,528566,284248,1
32000,542166,291437,1
33000,569220,307130,1
34000,594203,319341,1
35000,617746,332493,1
36000,627157,336276,1
37000,653272,351568,1
38000,667350,360901,1
39000,695106,372422,1
40000,704937,378573,1
41000,729819,393149,1
42000,747800,402822,1
43000,770764,414019,1
44000,789883,425838,1
45000,809566,435603,1
46000,831376,447757,1
47000,853727,460060,1
48000,867868,465765,1
49000,884383,474980,1
50000,919130,494867,1
1000,10208,5709,2
2000,23411,13052,2
3000,37252,20794,2
4000,52162,28409,2
5000,69058,37900,2
6000,82435,45025,2
7000,98983,53982,2
8000,113624,61663,2
9000,131452,71603,2
10000,146339,79737,2
11000,165277,89955,2
12000,183757,99699,2
13000,199727,109789,2
14000,219031,119128,2
15000,230564,126255,2
16000,250681,136975,2
17000,274665,150086,2
18000,295244,159859,2
19000,310321,166978,2
20000,324912,174830,2
21000,346887,187589,2
22000,367970,199535,2
23000,386077,209516,2
24000,402719,217839,2
25000,415048,224060,2
26000,443043,241201,2
27000,454427,245775,2
28000,481156,260378,2
29000,489438,264693,2
30000,509320,275407,2
31000,530931,286342,2
32000,549103,297379,2
33000,554291,298019,2
34000,585429,313725,2
35000,616086,330838,2
36000,617861,332463,2
37000,650714,350272,2
38000,668303,363470,2
39000,680555,368224,2
40000,704441,379801,2
41000,734031,395509,2
42000,752314,405393,2
43000,775901,417623,2
44000,785068,422165,2
45000,818005,439424,2
46000,828483,444647,2
47000,847300,455266,2
48000,870647,467126,2
49000,884333,476051,2
50000,911823,488926,2
1000,10554,5803,3
2000,23398,12853,3
3000,36722,20207,3
4000,52885,29026,3
5000,67721,37244,3
6000,83582,46019,3
7000,98894,54311,3
8000,116459,63139,3
9000,131744,71529,3
10000,148277,80553,3
11000,167069,91018,3
12000,183183,99269,3
13000,199011,108468,3
14000,215363,116712,3
15000,234869,127157,3
16000,250011,135136,3
17000,272702,148536,3
18000,290391,156511,3
19000,306480,165360,3
20000,327235,176428,3
21000,340872,184475,3
22000,363097,196304,3
23000,381980,205323,3
24000,401099,217488,3
25000,415452,224253,3
26000,439180,239871,3
27000,457963,247458,3
28000,479394,259137,3
29000,496512,266887,3
30000,517045,278414,3
31000,538549,292189,3
32000,554422,299707,3
33000,573346,310733,3
34000,593458,320466,3
35000,601509,323159,3
36000,630169,338433,3
37000,659245,353809,3
38000,651043,348686,3
39000,696142,376263,3
40000,702568,378050,3
41000,736231,394720,3
42000,752372,406488,3
43000,775319,419099,3
44000,798972,430372,3
45000,811533,436392,3
46000,831770,447030,3
47000,851584,457321,3
48000,874495,470599,3
49000,901435,485093,3
50000,906095,487036,3
1000,9823,5335,4
2000,23762,13175,4
3000,36639,20283,4
4000,51663,28184,4
5000,67212,36799,4
6000,81051,44069,4
7000,100144,54676,4
8000,115911,63618,4
9000,134190,73456,4
10000,147388,79779,4
11000,166140,90845,4
12000,186098,102940,4
13000,197800,107431,4
14000,218821,122165,4
15000,234011,126959,4
16000,253552,137232,4
17000,272555,147941,4
18000,288040,155108,4
19000,307550,166658,4
20000,328110,178839,4
21000,348910,189831,4
22000,368224,199356,4
23000,382799,205898,4
24000,394164,212397,4
25000,418834,225903,4
26000,435523,234434,4
27000,465838,254644,4
28000,474300,254703,4
29000,495452,266182,4
30000,507676,272768,4
31000,537986,289531,4
32000,554446,299526,4
33000,581020,314344,4
34000,594734,322088,4
35000,615082,331891,4
36000,625473,334666,4
37000,653696,350184,4
38000,672810,361607,4
39000,693824,371779,4
40000,702793,377581,4
41000,731231,392232,4
42000,757193,407700,4
43000,773376,417227,4
44000,796717,429526,4
45000,811292,437145,4
46000,834364,449130,4
47000,854087,458729,4
48000,867239,465688,4
49000,888145,476551,4
50000,912077,490984,4
1000,10066,5601,5
2000,23492,12852,5
3000,37110,20592,5
4000,50841,27561,5
5000,68188,37702,5
6000,83147,45612,5
7000,100288,55029,5
8000,116201,63845,5
9000,133680,73356,5
10000,146835,78932,5
11000,165107,89943,5
12000,180321,97358,5
13000,199221,108299,5
14000,215073,116900,5
15000,234293,126910,5
16000,251372,137017,5
17000,274494,148734,5
18000,289802,156142,5
19000,311415,167154,5
20000,325561,176219,5
21000,348378,188258,5
22000,358284,192016,5
23000,385159,208947,5
24000,398665,214510,5
25000,420495,227484,5
26000,437712,237090,5
27000,457595,246747,5
28000,470853,253887,5
29000,489507,263139,5
30000,517223,277782,5
31000,534695,289039,5
32000,552835,300319,5
33000,570143,306991,5
34000,590888,317241,5
35000,617462,332750,5
36000,638579,342651,5
37000,652819,350321,5
38000,663956,357937,5
39000,695994,376129,5
40000,716438,385342,5
41000,732628,393608,5
42000,747490,402025,5
43000,771869,417153,5
44000,785936,421509,5
45000,814932,438019,5
46000,840065,452710,5
47000,836130,448567,5
48000,861272,462603,5
49000,892865,479818,5
50000,910689,488796,5
1000,10212,5650,6
2000,23188,12872,6
3000,37794,21144,6
4000,52031,28487,6
5000,67187,36719,6
6000,82172,45345,6
7000,100218,54591,6
8000,112422,61676,6
9000,131772,71752,6
10000,148643,80836,6
11000,165060,89196,6
12000,182855,99082,6
13000,196806,107257,6
14000,217407,117924,6
15000,233708,127655,6
16000,252243,136706,6
17000,270005,146163,6
18000,287464,155840,6
19000,305690,164336,6
20000,323628,173121,6
21000,351739,192596,6
22000,361501,195612,6
23000,380291,206123,6
24000,401295,217842,6
25000,418465,225790,6
26000,436033,235853,6
27000,456615,247034,6
28000,471267,253187,6
29000,489452,264303,6
30000,518290,278219,6
31000,536747,291316,6
32000,555706,299196,6
33000,566695,306247,6
34000,593607,318352,6
35000,617216,333595,6
36000,635058,340887,6
37000,653687,350981,6
38000,671327,360129,6
39000,687212,371321,6
40000,705337,379781,6
41000,726823,390813,6
42000,744778,400925,6
43000,770261,412511,6
44000,799662,430810,6
45000,814426,439460,6
46000,827065,444909,6
47000,859260,464347,6
48000,865604,464173,6
49000,884726,473505,6
50000,902691,484841,6
1000,10162,5780,7
2000,23390,13037,7
3000,36421,19790,7
4000,51514,27967,7
5000,68025,37664,7
6000,83317,45801,7
7000,96987,52889,7
8000,114940,62824,7
9000,131173,71172,7
10000,149813,81914,7
11000,162723,87444,7
12000,180275,97491,7
13000,197190,107022,7
14000,216936,117654,7
15000,232020,125306,7
16000,250656,136450,7
17000,266031,144179,7
18000,292557,158309,7
19000,306701,166026,7
20000,326351,176385,7
21000,342860,186006,7
22000,362099,195930,7
23000,380173,204717,7
24000,405982,220039,7
25000,414728,222861,7
26000,433709,234108,7
27000,447804,241588,7
28000,484108,260763,7
29000,489353,263036,7
30000,504910,271153,7
31000,527688,284355,7
32000,563595,309459,7
33000,559825,303524,7
34000,583138,313009,7
35000,608664,326066,7
36000,631614,340229,7
37000,659865,355853,7
38000,661346,356548,7
39000,696515,374574,7
40000,716928,387078,7
41000,722884,386598,7
42000,756822,408183,7
43000,760762,407127,7
44000,792027,425298,7
45000,809864,435162,7
46000,828914,447732,7
47000,855504,461078,7
48000,867041,464310,7
49000,895572,481487,7
50000,910110,491765,7
1000,10088,5490,8
2000,23267,12947,8
3000,36821,20463,8
4000,53168,29383,8
5000,67740,37197,8
6000,83192,45789,8
7000,99708,54559,8
8000,114096,61920,8
9000,130654,70876,8
10000,147195,80152,8
11000,168949,92735,8
12000,183234,99777,8
13000,199360,109111,8
14000,220753,120914,8
15000,231523,126208,8
16000,252829,135905,8
17000,272224,147487,8
18000,287973,155502,8
19000,311235,169161,8
20000,327674,177273,8
21000,346113,187255,8
22000,361854,194864,8
23000,380473,205697,8
24000,402760,217310,8
25000,417992,227558,8
26000,432676,235640,8
27000,442650,236741,8
28000,477790,257098,8
29000,497612,267778,8
30000,516726,278832,8
31000,526780,283318,8
32000,556474,300541,8
33000,565514,303932,8
34000,595064,320532,8
35000,616633,332375,8
36000,626730,336036,8
37000,656742,353945,8
38000,654672,354091,8
39000,677546,362931,8
40000,712440,384391,8
41000,726830,391437,8
42000,750894,405449,8
43000,767789,413483,8
44000,781332,419309,8
45000,805502,434092,8
46000,827535,445663,8
47000,847241,455411,8
48000,875993,475258,8
49000,902691,485987,8
50000,919691,495757,8
1000,10320,5820,9
2000,23057,12605,9
3000,37189,20541,9
4000,52439,29128,9
5000,67575,36687,9
6000,81506,44706,9
7000,100729,55387,9
8000,115690,63561,9
9000,131022,70987,9
10000,149066,80984,9
11000,166547,91002,9
12000,180080,97356,9
13000,203366,110771,9
14000,218862,118257,9
15000,236157,129324,9
16000,253224,137119,9
17000,272131,147451,9
18000,293075,157883,9
19000,306920,164992,9
20000,325392,174853,9
21000,346946,189471,9
22000,362193,194648,9
23000,379108,204241,9
24000,401932,218005,9
25000,418898,227169,9
26000,436451,236378,9
27000,456013,248062,9
28000,472543,255275,9
29000,490147,263410,9
30000,523865,286496,9
31000,530688,286820,9
32000,551673,297056,9
33000,568656,308026,9
34000,594263,320721,9
35000,616963,332516,9
36000,631893,339833,9
37000,646848,346566,9
38000,674087,362885,9
39000,700061,381216,9
40000,713281,383101,9
41000,727205,390795,9
42000,756885,408516,9
43000,762687,410171,9
44000,780483,417832,9
45000,813822,439000,9
46000,831687,447921,9
47000,855994,459007,9
48000,868108,466573,9
49000,882113,474975,9
50000,913517,490051,9
1000,9862,5515,10
2000,23588,13015,10
3000,37941,21127,10
4000,52856,28906,10
5000,66949,36177,10
6000,82229,44794,10
7000,100588,55568,10
8000,116153,63102,10
9000,132459,71983,10
10000,149964,81981,10
11000,165529,89910,10
12000,184444,100347,10
13000,201005,109989,10
14000,218616,119114,10
15000,236734,127745,10
16000,253143,136773,10
17000,272254,147962,10
18000,292306,157913,10
19000,309598,167710,10
20000,325010,175417,10
21000,348693,188809,10
22000,364882,197517,10
23000,377530,203831,10
24000,399590,217081,10
25000,419311,227065,10
26000,437569,237495,10
27000,452756,242532,10
28000,479053,261537,10
29000,499126,268719,10
30000,513177,277983,10
31000,530979,287796,10
32000,542966,291874,10
33000,572370,309232,10
34000,591443,319294,10
35000,617000,331465,10
36000,635180,342012,10
37000,650794,348837,10
38000,674704,362335,10
39000,687688,371591,10
40000,707940,380862,10
41000,729155,393486,10
42000,750897,404428,10
43000,767511,414562,10
44000,797690,429423,10
45000,804963,433131,10
46000,825971,445303,10
47000,848454,456459,10
48000,865196,462727,10
49000,890890,480008,10
50000,906862,487289,10
