n,c,s,trial
1000,8349,3913,1
2000,18715,8797,1
3000,29894,14236,1
4000,41383,19699,1
5000,53333,25177,1
6000,65662,31303,1
7000,78278,37295,1
8000,90922,43192,1
9000,103805,49514,1
10000,116822,55791,1
11000,129991,62148,1
12000,143351,68757,1
13000,156722,74769,1
14000,170280,81125,1
15000,184166,87498,1
16000,197891,93777,1
17000,211752,101240,1
18000,225696,107593,1
19000,239743,114612,1
20000,253777,121490,1
21000,267920,127526,1
22000,282308,134557,1
23000,296466,142015,1
24000,310846,149537,1
25000,325166,156169,1
26000,339707,162311,1
27000,354276,169330,1
28000,368938,177233,1
29000,383544,183560,1
30000,398167,190351,1
31000,413045,198575,1
32000,427815,203074,1
33000,442450,212428,1
34000,457443,219326,1
35000,472475,225438,1
36000,487137,233269,1
37000,502290,241460,1
38000,517374,249017,1
39000,532438,255136,1
40000,547536,262644,1
41000,562809,269418,1
42000,577958,276448,1
43000,593136,283157,1
44000,608420,291343,1
45000,623889,299312,1
46000,638973,306861,1
47000,654216,315116,1
48000,669696,322721,1
49000,685117,330187,1
50000,700387,336440,1
1000,8344,3888,2
2000,18734,8771,2
3000,29810,14167,2
4000,41442,19374,2
5000,53352,25484,2
6000,65679,31375,2
7000,78275,36958,2
8000,90950,43131,2
9000,103865,49525,2
10000,116835,55818,2
11000,130115,62047,2
12000,143394,68233,2
13000,156922,75018,2
14000,170576,81171,2
15000,184158,87594,2
16000,197770,94817,2
17000,211651,101175,2
18000,225587,107620,2
19000,239591,114962,2
20000,253751,121067,2
21000,268046,128325,2
22000,282165,135335,2
23000,296419,141751,2
24000,310815,149138,2
25000,325387,155782,2
26000,339767,162470,2
27000,354068,170707,2
28000,368840,176836,2
29000,383706,183754,2
30000,398229,191246,2
31000,413116,197733,2
32000,427710,204692,2
33000,442291,211437,2
34000,457555,218667,2
35000,472289,225742,2
36000,487304,233299,2
37000,502375,240406,2
38000,517530,246449,2
39000,532406,255894,2
40000,547351,263785,2
41000,562540,269323,2
42000,578126,276118,2
43000,593099,284255,2
44000,608508,291592,2
45000,623601,299610,2
46000,638871,307313,2
47000,654572,314578,2
48000,670041,321448,2
49000,684986,329116,2
50000,700204,336770,2
1000,8365,3958,3
2000,18718,8805,3
3000,29862,14216,3
4000,41544,19778,3
5000,53352,25278,3
6000,65661,31214,3
7000,78140,36968,3
8000,90933,43331,3
9000,103888,48890,3
10000,116788,55824,3
11000,130205,62537,3
12000,143442,68869,3
13000,156811,74827,3
14000,170541,80857,3
15000,184068,87847,3
16000,197804,94821,3
17000,211836,100860,3
18000,225678,107673,3
19000,239693,114988,3
20000,253599,121583,3
21000,267923,128180,3
22000,282280,134937,3
23000,296504,142537,3
24000,310666,149349,3
25000,325093,156458,3
26000,339854,162349,3
27000,354034,170031,3
28000,368904,176340,3
29000,383647,183079,3
30000,398231,191040,3
31000,413154,197993,3
32000,427949,204830,3
33000,442656,212099,3
34000,457415,219529,3
35000,472291,225973,3
36000,487382,233673,3
37000,502150,241035,3
38000,516983,248129,3
39000,532720,256019,3
40000,547689,263662,3
41000,562911,270069,3
42000,577931,277012,3
43000,593106,284475,3
44000,608300,292378,3
45000,623690,300104,3
46000,638844,307615,3
47000,654556,315174,3
48000,669417,323307,3
49000,684890,329389,3
50000,700515,334885,3
1000,8360,3818,4
2000,18746,8919,4
3000,29840,14176,4
4000,41466,19525,4
5000,53434,25156,4
6000,65634,31281,4
7000,78268,37301,4
8000,90953,43491,4
9000,103823,49412,4
10000,116993,55926,4
11000,130124,62086,4
12000,143378,67993,4
13000,156738,74490,4
14000,170508,81559,4
15000,184198,87638,4
16000,197817,94635,4
17000,211795,100956,4
18000,225736,107582,4
19000,239917,115258,4
20000,253763,121184,4
21000,267833,127965,4
22000,282226,135165,4
23000,296685,141996,4
24000,310856,148978,4
25000,325081,156338,4
26000,339588,162639,4
27000,354374,169268,4
28000,368790,176298,4
29000,383272,183517,4
30000,398302,190899,4
31000,412825,198317,4
32000,427801,204831,4
33000,442699,211248,4
34000,457416,218485,4
35000,472259,226366,4
36000,487391,232269,4
37000,502478,240816,4
38000,517255,248162,4
39000,532578,256489,4
40000,547428,263314,4
41000,562732,269940,4
42000,577801,276686,4
43000,593213,284805,4
44000,608528,292584,4
45000,624078,297833,4
46000,639209,307165,4
47000,654428,315501,4
48000,669502,322982,4
49000,685090,329236,4
50000,700563,337449,4
1000,8339,3881,5
2000,18726,8814,5
3000,29913,14171,5
4000,41468,19568,5
5000,53426,25620,5
6000,65727,30946,5
7000,78025,37162,5
8000,90857,42963,5
9000,103913,49314,5
10000,116868,55635,5
11000,130179,61657,5
12000,143524,68599,5
13000,156902,75184,5
14000,170417,81505,5
15000,184172,88192,5
16000,197809,95188,5
17000,211681,100618,5
18000,225630,107557,5
19000,239743,114178,5
20000,253763,121236,5
21000,267925,127529,5
22000,282236,135307,5
23000,296284,142468,5
24000,310757,149771,5
25000,325268,156053,5
26000,339534,162008,5
27000,354275,170254,5
28000,368729,177079,5
29000,383242,183106,5
30000,398245,191162,5
31000,412727,197225,5
32000,427937,203707,5
33000,442761,211137,5
34000,457451,217929,5
35000,472455,225888,5
36000,487315,233174,5
37000,502402,240051,5
38000,517471,248392,5
39000,532205,256116,5
40000,547664,262587,5
41000,562849,269769,5
42000,577796,277997,5
43000,593131,284659,5
44000,608289,293206,5
45000,623470,299159,5
46000,639073,307056,5
47000,654153,315599,5
48000,669649,323184,5
49000,685261,330074,5
50000,700683,338252,5
1000,8349,3991,6
2000,18696,8839,6
3000,29879,14113,6
4000,41463,19571,6
5000,53448,25368,6
6000,65695,31159,6
7000,78266,37056,6
8000,91025,43393,6
9000,103703,49433,6
10000,116964,55576,6
11000,130090,62329,6
12000,143486,69029,6
13000,156695,75288,6
14000,170360,80894,6
15000,184300,87377,6
16000,197811,94691,6
17000,211747,101206,6
18000,225690,107938,6
19000,239692,114834,6
20000,253963,120909,6
21000,268000,128161,6
22000,282247,134659,6
23000,296279,141987,6
24000,310817,148850,6
25000,325194,157029,6
26000,339761,161753,6
27000,354395,169466,6
28000,368825,176208,6
29000,383238,184070,6
30000,398248,190405,6
31000,412965,198138,6
32000,427772,204914,6
33000,442425,210982,6
34000,457846,219019,6
35000,472336,225841,6
36000,487349,233553,6
37000,502216,241689,6
38000,517565,247878,6
39000,532210,255569,6
40000,547289,263567,6
41000,562735,269990,6
42000,578084,276604,6
43000,592927,285670,6
44000,608283,291667,6
45000,623469,298774,6
46000,638857,307634,6
47000,654478,314837,6
48000,669819,321728,6
49000,684933,331088,6
50000,700214,337782,6
1000,8376,3940,7
2000,18740,8758,7
3000,29851,14040,7
4000,41459,19793,7
5000,53452,25363,7
6000,65730,31174,7
7000,78210,37090,7
8000,90925,43108,7
9000,103861,49207,7
10000,116839,56168,7
11000,130066,61689,7
12000,143432,68285,7
13000,156761,74803,7
14000,170500,80970,7
15000,184154,88694,7
16000,197776,94970,7
17000,211595,101469,7
18000,225824,107744,7
19000,239837,114505,7
20000,253680,121242,7
21000,267946,127787,7
22000,282121,135836,7
23000,296560,142620,7
24000,310767,149533,7
25000,325250,156288,7
26000,339763,162733,7
27000,354229,168872,7
28000,368665,176733,7
29000,383388,183429,7
30000,398187,190547,7
31000,412801,198013,7
32000,427817,204892,7
33000,442445,211496,7
34000,457376,218760,7
35000,472194,226919,7
36000,487262,234265,7
37000,502352,240598,7
38000,517288,248113,7
39000,532347,255392,7
40000,547105,262946,7
41000,562562,270338,7
42000,577832,277234,7
43000,593027,283863,7
44000,608437,292270,7
45000,623953,298767,7
46000,638956,307422,7
47000,653882,314727,7
48000,669501,322059,7
49000,685164,330446,7
50000,700277,336125,7
1000,8353,3910,8
2000,18766,8854,8
3000,29885,14095,8
4000,41410,19450,8
5000,53373,25413,8
6000,65796,30908,8
7000,78154,36983,8
8000,91112,43293,8
9000,103719,49727,8
10000,116850,55698,8
11000,129971,62421,8
12000,143539,68475,8
13000,157082,74581,8
14000,170473,80988,8
15000,184182,87966,8
16000,197854,93883,8
17000,211775,100923,8
18000,225704,107784,8
19000,239438,114936,8
20000,253686,121135,8
21000,267967,129079,8
22000,282393,134970,8
23000,296518,142164,8
24000,310713,148725,8
25000,325260,155506,8
26000,339569,162681,8
27000,354266,170273,8
28000,369046,176192,8
29000,383388,184402,8
30000,397926,190449,8
31000,412676,197782,8
32000,427745,204180,8
33000,442698,211810,8
34000,457234,218049,8
35000,472304,225993,8
36000,487350,233913,8
37000,502319,240164,8
38000,517384,248129,8
39000,532460,254183,8
40000,547373,261814,8
41000,562921,270051,8
42000,577754,276588,8
43000,593040,285557,8
44000,608078,292055,8
45000,623515,299114,8
46000,638949,306643,8
47000,654283,314076,8
48000,669510,321813,8
49000,684824,330084,8
50000,700360,336704,8
1000,8422,3899,9
2000,18741,8868,9
3000,29854,14138,9
4000,41475,19525,9
5000,53507,25257,9
6000,65730,31435,9
7000,78218,37088,9
8000,90909,42824,9
9000,103854,49431,9
10000,117010,55765,9
11000,130028,61839,9
12000,143466,68569,9
13000,156890,74982,9
14000,170495,81538,9
15000,184096,87361,9
16000,197755,94290,9
17000,211751,100126,9
18000,225757,107291,9
19000,239700,115206,9
20000,253868,121435,9
21000,267781,128049,9
22000,282148,135778,9
23000,296364,142097,9
24000,310686,150173,9
25000,325325,155809,9
26000,339734,162439,9
27000,354215,169260,9
28000,368917,176866,9
29000,383260,183583,9
30000,398136,191210,9
31000,412826,198207,9
32000,427607,204808,9
33000,442617,212082,9
34000,457535,218182,9
35000,472603,224581,9
36000,487464,233617,9
37000,502181,240906,9
38000,517411,247669,9
39000,532347,254754,9
40000,547716,261791,9
41000,562554,270478,9
42000,577811,278045,9
43000,593270,285406,9
44000,608636,291496,9
45000,623344,299814,9
46000,638637,307421,9
47000,654440,314525,9
48000,669278,322047,9
49000,684922,330612,9
50000,700304,337314,9
1000,8416,3983,10
2000,18716,8961,10
3000,29844,14265,10
4000,41494,19861,10
5000,53543,25535,10
6000,65705,31358,10
7000,78167,37213,10
8000,91056,43367,10
9000,103726,49579,10
10000,116913,55539,10
11000,130122,62126,10
12000,143430,68472,10
13000,156991,74824,10
14000,170291,80844,10
15000,184135,87824,10
16000,197760,94408,10
17000,211597,100042,10
18000,225759,107341,10
19000,239682,114425,10
20000,253789,121162,10
21000,267879,127569,10
22000,282163,134962,10
23000,296368,142266,10
24000,311071,149504,10
25000,325324,156589,10
26000,339625,162891,10
27000,354313,168652,10
28000,368875,176678,10
29000,383627,184452,10
30000,398056,190263,10
31000,412780,197914,10
32000,427543,204545,10
33000,442611,212245,10
34000,457656,218038,10
35000,472443,226134,10
36000,487514,233722,10
37000,502146,240382,10
38000,517473,248390,10
39000,532497,256049,10
40000,547387,262036,10
41000,562654,269803,10
42000,577517,276741,10
43000,593009,282975,10
44000,608348,292024,10
45000,623750,299089,10
46000,638974,307446,10
47000,654323,315053,10
48000,669742,322148,10
49000,685208,328598,10
50000,700414,335934,10
