n,c,s,trial
100,355,163,1
200,867,363,1
300,1369,476,1
400,952,558,1
500,1253,774,1
600,3211,1356,1
700,1872,852,1
800,1977,1110,1
900,3028,981,1
1000,3201,1104,1
1100,2378,1087,1
1200,3037,1599,1
1300,2739,1308,1
1400,4364,2197,1
1500,3922,2305,1
1600,3432,1940,1
1700,7357,3702,1
1800,4032,2556,1
1900,7825,5468,1
2000,7727,2782,1
2100,3887,1282,1
2200,6900,4398,1
2300,6683,2957,1
2400,6732,4813,1
2500,6679,4135,1
2600,16028,8751,1
2700,12927,3883,1
2800,14135,8127,1
2900,6745,3802,1
3000,5619,2879,1
3100,9843,5273,1
3200,8834,4454,1
3300,3918,556,1
3400,9615,5685,1
3500,11656,5262,1
3600,6710,3600,1
3700,9665,4361,1
3800,9240,4120,1
3900,8202,4424,1
4000,9455,4215,1
4100,9754,4556,1
4200,9016,4768,1
4300,18168,13393,1
4400,11758,5235,1
4500,11093,2990,1
4600,15486,7864,1
4700,31723,14763,1
4800,12829,5218,1
4900,8225,3238,1
5000,20345,9858,1
5100,10861,5389,1
5200,9260,5389,1
5300,22575,13314,1
5400,21419,9799,1
5500,11010,5685,1
5600,17402,7492,1
5700,15513,9828,1
5800,9210,6312,1
5900,21348,5812,1
6000,22347,13217,1
6100,19985,9432,1
6200,7955,2034,1
6300,14461,9137,1
6400,17530,8408,1
6500,11928,6828,1
6600,27752,14913,1
6700,12799,2281,1
6800,17567,7286,1
6900,11007,6960,1
7000,16800,12490,1
7100,20429,9219,1
7200,19621,10390,1
7300,24115,11103,1
7400,28530,17820,1
7500,16174,8731,1
7600,34540,11469,1
7700,28863,10382,1
7800,14843,5401,1
7900,24404,13518,1
8000,18907,8648,1
8100,13521,4974,1
8200,35014,15318,1
8300,21455,11474,1
8400,28085,13425,1
8500,19983,5210,1
8600,13845,9238,1
8700,47709,16182,1
8800,33598,11734,1
8900,19457,9628,1
9000,19633,13372,1
9100,26362,13043,1
9200,20721,9079,1
9300,52631,24317,1
9400,32766,13088,1
9500,23038,13544,1
9600,50850,25777,1
9700,37282,18950,1
9800,34727,15055,1
9900,21944,11395,1
10000,25781,15634,1
10100,28971,11044,1
10200,18079,11069,1
10300,54953,26974,1
10400,15401,5063,1
10500,48243,13100,1
10600,47470,28139,1
10700,24822,14913,1
10800,55217,28083,1
10900,40402,25026,1
11000,45449,28142,1
11100,43648,23317,1
11200,27191,17118,1
11300,49335,21083,1
11400,25156,12771,1
11500,37272,17732,1
11600,32014,11213,1
11700,42656,11023,1
11800,57061,46286,1
11900,17655,13597,1
12000,41361,20699,1
12100,24063,11497,1
12200,35358,17764,1
12300,49777,31533,1
12400,40539,25546,1
12500,37731,28803,1
12600,33962,20819,1
12700,46116,15837,1
12800,40951,15824,1
12900,36830,30054,1
13000,37938,20061,1
13100,38140,13448,1
13200,21838,14493,1
13300,44949,28165,1
13400,22979,13272,1
13500,59544,26910,1
13600,28842,11894,1
13700,49739,18190,1
13800,26757,18099,1
13900,35345,15585,1
14000,79958,35347,1
14100,36248,22378,1
14200,58199,34478,1
14300,40021,25934,1
14400,41955,21191,1
14500,58462,21004,1
14600,38274,22573,1
14700,46390,19689,1
14800,25178,13597,1
14900,40497,24252,1
15000,40653,18760,1
15100,38849,21090,1
15200,36657,18738,1
15300,59644,30708,1
15400,35472,19525,1
15500,60295,31177,1
15600,92974,42003,1
15700,46436,24309,1
15800,53543,30773,1
15900,24233,8161,1
16000,22841,16416,1
16100,48521,35569,1
16200,33715,22350,1
16300,37371,24785,1
16400,61767,28043,1
16500,68514,30545,1
16600,42057,25412,1
16700,73283,38533,1
16800,66596,17963,1
16900,38914,22073,1
17000,35461,17159,1
17100,78691,36397,1
17200,63029,35763,1
17300,56528,26302,1
17400,58029,23888,1
17500,39268,20893,1
17600,72023,34276,1
17700,92494,61216,1
17800,32712,13148,1
17900,43459,18169,1
18000,65053,22069,1
18100,43701,24634,1
18200,52253,31750,1
18300,39562,25861,1
18400,47005,20930,1
18500,34983,19805,1
18600,92738,47253,1
18700,52882,29563,1
18800,30813,16166,1
18900,59919,36895,1
19000,39077,19951,1
19100,64087,41548,1
19200,25470,5828,1
19300,50348,33268,1
19400,64577,37395,1
19500,47267,27634,1
19600,65980,30182,1
19700,59802,24893,1
19800,95004,35757,1
19900,93966,42005,1
20000,73035,30851,1
20100,68699,25162,1
20200,69565,33405,1
20300,66114,40365,1
20400,25382,6259,1
20500,50607,16847,1
20600,58248,14956,1
20700,55149,16707,1
20800,84544,39256,1
20900,73557,51199,1
21000,83842,44388,1
21100,79740,56827,1
21200,48405,22933,1
21300,63329,21558,1
21400,121065,93862,1
21500,105197,73475,1
21600,54128,32219,1
21700,40980,17479,1
21800,29097,6317,1
21900,72464,22077,1
22000,44193,29172,1
22100,80510,42145,1
22200,34290,12984,1
22300,59788,21782,1
22400,50907,28060,1
22500,80140,47495,1
22600,70811,22793,1
22700,49836,28243,1
22800,103964,33361,1
22900,45838,23926,1
23000,60517,28913,1
23100,72517,29144,1
23200,65785,18755,1
23300,51026,20114,1
23400,119278,46356,1
23500,48531,30856,1
23600,61613,39651,1
23700,70311,37931,1
23800,94485,38970,1
23900,64385,39322,1
24000,64799,41285,1
24100,119254,91553,1
24200,45717,20833,1
24300,89371,34937,1
24400,50663,24587,1
24500,88817,66838,1
24600,104115,46834,1
24700,48879,22473,1
24800,41540,27039,1
24900,92948,37093,1
25000,76279,37846,1
25100,55879,36779,1
25200,61165,29561,1
25300,81784,21754,1
25400,51027,33176,1
25500,131545,92537,1
25600,94398,52692,1
25700,70367,48052,1
25800,60305,23967,1
25900,69827,33325,1
26000,66851,27994,1
26100,107087,61990,1
26200,82793,51076,1
26300,89253,36472,1
26400,26623,229,1
26500,123717,66648,1
26600,27061,674,1
26700,48676,15353,1
26800,46940,17344,1
26900,40936,13488,1
27000,80382,41784,1
27100,135825,70042,1
27200,78846,40419,1
27300,117491,43859,1
27400,69440,30504,1
27500,155942,113295,1
27600,88836,59367,1
27700,82472,43700,1
27800,120912,66536,1
27900,71858,36278,1
28000,85573,54130,1
28100,36148,31063,1
28200,97277,34231,1
28300,81449,46767,1
28400,67528,35066,1
28500,86638,32475,1
28600,83175,36592,1
28700,98390,72379,1
28800,129411,40414,1
28900,55637,23213,1
29000,99774,44061,1
29100,125900,72748,1
29200,81823,42989,1
29300,89870,28359,1
29400,79835,52399,1
29500,70680,27393,1
29600,45821,18380,1
29700,108819,37833,1
29800,88690,43955,1
29900,107943,63407,1
30000,67470,57694,1
30100,92060,55399,1
30200,143338,70380,1
30300,146652,54806,1
30400,194027,121065,1
30500,85553,38060,1
30600,61562,33553,1
30700,75895,31571,1
30800,87446,34228,1
30900,37111,31174,1
31000,52967,17004,1
31100,96778,45787,1
31200,108743,84057,1
31300,118263,34866,1
31400,54160,20828,1
31500,107689,54361,1
31600,143652,66488,1
31700,37950,30720,1
31800,90765,17506,1
31900,111985,67494,1
32000,144465,75996,1
32100,38877,28398,1
32200,108356,67914,1
32300,89962,50694,1
32400,159866,70483,1
32500,56255,26551,1
32600,88802,42882,1
32700,143064,108796,1
32800,104855,45931,1
32900,148696,93519,1
33000,87116,53549,1
33100,81647,17800,1
33200,75229,36541,1
33300,56004,15078,1
33400,51677,14112,1
33500,68566,28754,1
33600,76205,39171,1
33700,134118,94448,1
33800,70795,44342,1
33900,104142,66122,1
34000,77248,26697,1
34100,118971,39274,1
34200,145744,96649,1
34300,92590,48485,1
34400,109370,55089,1
34500,97675,24290,1
34600,75450,54596,1
34700,127063,38092,1
34800,124220,46932,1
34900,197222,89197,1
35000,113039,41008,1
35100,105988,60318,1
35200,165214,53821,1
35300,102887,68694,1
35400,95143,56591,1
35500,83230,44916,1
35600,97213,31880,1
35700,38838,2889,1
35800,113933,64896,1
35900,136950,89538,1
36000,63458,27105,1
36100,116325,76734,1
36200,52856,36181,1
36300,65584,29149,1
36400,135995,54264,1
36500,102151,63187,1
36600,139421,26738,1
36700,54985,16714,1
36800,118725,68379,1
36900,116637,81150,1
37000,81625,65551,1
37100,86631,42720,1
37200,182359,109154,1
37300,164697,53747,1
37400,169219,89517,1
37500,171488,107155,1
37600,111810,43020,1
37700,60017,39123,1
37800,147806,71385,1
37900,92309,21763,1
38000,153225,92942,1
38100,75556,24945,1
38200,118546,44133,1
38300,87741,38455,1
38400,106675,66164,1
38500,96166,30096,1
38600,80749,46859,1
38700,105085,50668,1
38800,136698,81874,1
38900,79979,35502,1
39000,45273,6311,1
39100,44830,38601,1
39200,130000,81154,1
39300,90116,34759,1
39400,129594,61401,1
39500,125499,63133,1
39600,94471,31549,1
39700,73916,33234,1
39800,112015,56024,1
39900,123151,81069,1
40000,108262,79451,1
40100,184368,120316,1
40200,103918,48321,1
40300,119472,50867,1
40400,121057,50967,1
40500,184137,71605,1
40600,124270,68969,1
40700,148153,92108,1
40800,101473,49034,1
40900,182456,93038,1
41000,92001,43697,1
41100,168428,92720,1
41200,156237,77830,1
41300,141141,57064,1
41400,139179,90384,1
41500,125204,31089,1
41600,163052,42126,1
41700,74692,43627,1
41800,86123,33795,1
41900,78610,28701,1
42000,124930,81057,1
42100,129505,57930,1
42200,244373,87117,1
42300,155926,82029,1
42400,95248,61359,1
42500,207048,146385,1
42600,97401,34578,1
42700,69596,20347,1
42800,99279,56135,1
42900,116631,49516,1
43000,138099,65900,1
43100,154581,70616,1
43200,100459,57432,1
43300,104180,56189,1
43400,123022,52328,1
43500,129408,76943,1
43600,153797,85551,1
43700,96507,69362,1
43800,75593,33152,1
43900,101766,20228,1
44000,108343,52966,1
44100,115688,48394,1
44200,108559,34243,1
44300,149205,88764,1
44400,77864,34124,1
44500,127784,59996,1
44600,115479,85214,1
44700,114920,51886,1
44800,51222,45086,1
44900,198178,100331,1
45000,142463,88543,1
45100,150755,71216,1
45200,173468,110436,1
45300,140581,88011,1
45400,209440,99621,1
45500,138593,62730,1
45600,160564,124498,1
45700,137942,66364,1
45800,200706,76194,1
45900,92365,20954,1
46000,168605,69995,1
46100,183485,49076,1
46200,156078,101492,1
46300,66788,50801,1
46400,137650,72137,1
46500,126278,38082,1
46600,189428,89550,1
46700,190929,129705,1
46800,169602,58847,1
46900,194389,101598,1
47000,136133,71207,1
47100,209022,91971,1
47200,136166,58103,1
47300,147820,61182,1
47400,118786,50674,1
47500,130402,96129,1
47600,179474,86965,1
47700,162511,89595,1
47800,103862,59281,1
47900,201686,107285,1
48000,98964,50030,1
48100,120233,100705,1
48200,93092,44172,1
48300,108483,65269,1
48400,73832,35657,1
48500,73199,38004,1
48600,201964,144097,1
48700,160296,90684,1
48800,143012,93705,1
48900,110235,62160,1
49000,107916,45047,1
49100,176532,27248,1
49200,190459,96324,1
49300,111644,58425,1
49400,97702,43193,1
49500,197276,68357,1
49600,108101,46493,1
49700,86068,33763,1
49800,184940,131320,1
49900,132527,47789,1
50000,109652,59524,1
100,397,145,2
200,1004,580,2
300,767,450,2
400,1133,651,2
500,1254,497,2
600,1843,892,2
700,1989,676,2
800,2265,209,2
900,1815,908,2
1000,4809,2100,2
1100,3921,2885,2
1200,2466,1633,2
1300,5869,2555,2
1400,4825,2735,2
1500,5359,3370,2
1600,8002,4740,2
1700,4151,853,2
1800,3229,1846,2
1900,4646,2353,2
2000,3087,1140,2
2100,6973,4783,2
2200,4961,3143,2
2300,4047,1826,2
2400,5156,2475,2
2500,6408,3644,2
2600,6375,4215,2
2700,9372,6366,2
2800,8104,1986,2
2900,7764,4923,2
3000,6625,3757,2
3100,9996,4857,2
3200,9291,5145,2
3300,5026,3187,2
3400,12931,9437,2
3500,8374,3107,2
3600,8561,3401,2
3700,9328,4519,2
3800,5962,4057,2
3900,13175,3903,2
4000,15929,7279,2
4100,12253,4587,2
4200,10476,6326,2
4300,7804,5221,2
4400,9560,5186,2
4500,15015,6319,2
4600,13405,4250,2
4700,14344,8321,2
4800,15604,6421,2
4900,13133,5736,2
5000,11237,8035,2
5100,12984,5191,2
5200,21959,6755,2
5300,12875,7721,2
5400,12324,5267,2
5500,17701,11835,2
5600,19224,8897,2
5700,11035,6732,2
5800,10787,4662,2
5900,10412,5144,2
6000,12437,5120,2
6100,14102,12353,2
6200,15713,5999,2
6300,23774,7955,2
6400,23326,11675,2
6500,15504,7568,2
6600,12865,5056,2
6700,15505,11228,2
6800,24235,17343,2
6900,22955,14392,2
7000,32932,15369,2
7100,18883,9576,2
7200,24634,10270,2
7300,17762,10665,2
7400,19021,11860,2
7500,22890,17468,2
7600,15624,7360,2
7700,21222,6650,2
7800,21418,14598,2
7900,28328,10203,2
8000,24956,7740,2
8100,31047,19153,2
8200,25061,13770,2
8300,16646,11239,2
8400,24729,13171,2
8500,23392,9466,2
8600,36991,16200,2
8700,22236,13330,2
8800,33248,13838,2
8900,18197,9426,2
9000,15078,5633,2
9100,25813,16714,2
9200,36809,18788,2
9300,35633,18552,2
9400,28696,13380,2
9500,31476,12745,2
9600,25862,13955,2
9700,20312,7488,2
9800,23526,12351,2
9900,31033,11333,2
10000,38832,9124,2
10100,34021,12527,2
10200,45158,23269,2
10300,29430,16829,2
10400,39921,28055,2
10500,21117,9381,2
10600,36737,13132,2
10700,44757,18767,2
10800,33966,21282,2
10900,22104,11996,2
11000,37869,19519,2
11100,17973,6070,2
11200,14656,4251,2
11300,36124,11686,2
11400,20636,13333,2
11500,25426,13600,2
11600,35005,23386,2
11700,23251,8187,2
11800,37128,13305,2
11900,15943,4314,2
12000,40748,25856,2
12100,62567,34765,2
12200,39330,18353,2
12300,28102,16610,2
12400,70998,37721,2
12500,22436,11874,2
12600,27689,17117,2
12700,34687,20502,2
12800,34043,16915,2
12900,22266,14103,2
13000,21065,10656,2
13100,31021,13641,2
13200,23573,10233,2
13300,35692,24405,2
13400,33403,14618,2
13500,31409,18269,2
13600,33121,16731,2
13700,44824,19478,2
13800,34373,29009,2
13900,50008,25696,2
14000,35012,18131,2
14100,36163,14455,2
14200,37147,15988,2
14300,42037,22350,2
14400,39263,15427,2
14500,40334,15160,2
14600,62126,34525,2
14700,43724,31558,2
14800,75518,23997,2
14900,18005,14624,2
15000,52893,36552,2
15100,39956,15830,2
15200,38313,26459,2
15300,41631,23839,2
15400,41097,21402,2
15500,36943,21397,2
15600,57222,24552,2
15700,31460,13631,2
15800,52729,42140,2
15900,51173,32817,2
16000,36812,15918,2
16100,65105,39029,2
16200,37661,13567,2
16300,35785,17151,2
16400,42521,15630,2
16500,63059,18742,2
16600,27290,12655,2
16700,52233,19367,2
16800,37820,16028,2
16900,96759,36155,2
17000,30934,16559,2
17100,39294,18331,2
17200,60330,29504,2
17300,36439,17788,2
17400,51148,15885,2
17500,80144,49225,2
17600,92152,51858,2
17700,42844,24417,2
17800,35289,19136,2
17900,31976,16402,2
18000,54487,23450,2
18100,56032,37084,2
18200,71285,40001,2
18300,64146,30148,2
18400,71391,32119,2
18500,76547,40090,2
18600,37934,18978,2
18700,47165,29781,2
18800,59133,30559,2
18900,40982,12871,2
19000,87979,37136,2
19100,36358,20464,2
19200,47321,21651,2
19300,54091,17363,2
19400,41291,13460,2
19500,67158,18068,2
19600,73103,31030,2
19700,40075,23067,2
19800,104179,50252,2
19900,38262,25745,2
20000,44087,23807,2
20100,100527,49267,2
20200,33994,23478,2
20300,43328,27956,2
20400,69778,30731,2
20500,97825,40350,2
20600,79274,46507,2
20700,72638,39737,2
20800,105950,71682,2
20900,72588,44024,2
21000,48948,14631,2
21100,52524,16969,2
21200,59119,25537,2
21300,52052,31643,2
21400,42997,20856,2
21500,40356,20111,2
21600,152415,81961,2
21700,65759,34926,2
21800,33891,22056,2
21900,74477,28531,2
22000,57149,30762,2
22100,53013,22917,2
22200,53190,25916,2
22300,131053,36678,2
22400,56136,27492,2
22500,43162,20002,2
22600,66906,23534,2
22700,62204,33575,2
22800,56489,30907,2
22900,130278,43051,2
23000,139417,61509,2
23100,68832,22628,2
23200,56189,31249,2
23300,122441,53374,2
23400,61722,32118,2
23500,89256,53456,2
23600,97292,57038,2
23700,87633,49265,2
23800,60012,14584,2
23900,71070,42419,2
24000,49228,27118,2
24100,102846,57826,2
24200,56423,12594,2
24300,60668,42152,2
24400,90170,53744,2
24500,52715,26196,2
24600,57927,34152,2
24700,113162,43832,2
24800,47921,21738,2
24900,59771,24330,2
25000,50574,33531,2
25100,76569,50474,2
25200,76532,36592,2
25300,52862,22702,2
25400,86746,40568,2
25500,70185,35657,2
25600,89895,48098,2
25700,67782,30502,2
25800,38094,9227,2
25900,100217,57938,2
26000,54683,26227,2
26100,135107,60030,2
26200,73382,29010,2
26300,68249,33212,2
26400,108929,47701,2
26500,59837,25163,2
26600,96201,27045,2
26700,87801,43049,2
26800,84192,44462,2
26900,127793,79459,2
27000,56764,18361,2
27100,76968,55792,2
27200,98852,44795,2
27300,145327,73978,2
27400,57405,8007,2
27500,58402,28870,2
27600,63502,33966,2
27700,69859,36795,2
27800,79241,36892,2
27900,54122,16180,2
28000,49218,32456,2
28100,108494,32016,2
28200,147979,57362,2
28300,79253,39825,2
28400,83189,51042,2
28500,67584,49800,2
28600,80036,43533,2
28700,117146,52826,2
28800,74220,26671,2
28900,167923,78621,2
29000,74723,49957,2
29100,98833,51642,2
29200,98232,64733,2
29300,62131,28644,2
29400,70177,22352,2
29500,61749,35467,2
29600,35231,29668,2
29700,52980,24695,2
29800,95070,61979,2
29900,74006,48354,2
30000,119583,77266,2
30100,105917,38832,2
30200,178865,108804,2
30300,73982,42334,2
30400,72068,33701,2
30500,84947,51296,2
30600,144566,67757,2
30700,51209,21527,2
30800,82708,51667,2
30900,103142,63017,2
31000,125430,71630,2
31100,171610,68851,2
31200,133719,67380,2
31300,108577,36000,2
31400,113862,78989,2
31500,96564,45853,2
31600,56544,16087,2
31700,51007,19336,2
31800,71174,41647,2
31900,110287,40203,2
32000,106095,69780,2
32100,61002,21956,2
32200,106965,75586,2
32300,70557,25281,2
32400,60693,36503,2
32500,75745,33317,2
32600,99311,43571,2
32700,122651,49763,2
32800,119324,30208,2
32900,116629,83855,2
33000,77630,34845,2
33100,113527,63136,2
33200,75136,41781,2
33300,63614,38494,2
33400,69659,27460,2
33500,137740,83281,2
33600,142188,82823,2
33700,118176,59662,2
33800,140557,41661,2
33900,125966,57332,2
34000,54634,21017,2
34100,82720,46408,2
34200,98037,30211,2
34300,103708,56004,2
34400,108371,42428,2
34500,60542,30646,2
34600,165989,49072,2
34700,110436,58975,2
34800,53243,18426,2
34900,99565,28523,2
35000,102853,65020,2
35100,62165,14885,2
35200,57067,34823,2
35300,161072,66976,2
35400,84085,40967,2
35500,175619,123950,2
35600,66551,44474,2
35700,137004,49386,2
35800,96830,61839,2
35900,72115,32185,2
36000,97629,59606,2
36100,113963,77694,2
36200,78276,31491,2
36300,117318,48387,2
36400,93187,60873,2
36500,101909,27906,2
36600,103209,37651,2
36700,109247,63298,2
36800,148192,65014,2
36900,106061,49283,2
37000,175046,63039,2
37100,50428,38832,2
37200,122059,78159,2
37300,108133,53565,2
37400,81435,40248,2
37500,146433,81413,2
37600,125707,69266,2
37700,59059,19046,2
37800,84537,52454,2
37900,65199,21675,2
38000,137849,80071,2
38100,167773,76496,2
38200,48082,39155,2
38300,101635,47317,2
38400,178225,86190,2
38500,127810,39157,2
38600,105647,44550,2
38700,91481,35359,2
38800,101289,54035,2
38900,83729,52025,2
39000,93259,53984,2
39100,124624,69807,2
39200,124651,48489,2
39300,168415,84047,2
39400,86555,20958,2
39500,122947,80212,2
39600,113738,56069,2
39700,172193,92413,2
39800,148900,95355,2
39900,92147,46859,2
40000,143642,45971,2
40100,133613,74881,2
40200,120994,70479,2
40300,109075,65022,2
40400,121797,32799,2
40500,84132,78538,2
40600,94778,43742,2
40700,89346,49158,2
40800,96701,42511,2
40900,172629,105425,2
41000,137373,74187,2
41100,135509,84365,2
41200,91756,56732,2
41300,131762,50973,2
41400,93421,29384,2
41500,128640,40215,2
41600,165377,89063,2
41700,185485,80458,2
41800,144720,70216,2
41900,121073,54327,2
42000,219144,79825,2
42100,90943,58690,2
42200,125133,52544,2
42300,155542,41710,2
42400,135012,66493,2
42500,99158,55351,2
42600,97712,26993,2
42700,191635,90983,2
42800,171170,101127,2
42900,194919,95756,2
43000,84558,39009,2
43100,117686,43609,2
43200,136162,89716,2
43300,97084,37586,2
43400,144654,101160,2
43500,158445,102917,2
43600,75491,26055,2
43700,103513,55715,2
43800,106007,53333,2
43900,189523,102050,2
44000,155948,81342,2
44100,152237,50066,2
44200,75699,30239,2
44300,96988,64611,2
44400,255118,109724,2
44500,188481,106064,2
44600,96597,50916,2
44700,97325,47818,2
44800,203637,135903,2
44900,173304,134721,2
45000,103625,63125,2
45100,93507,43582,2
45200,67822,20363,2
45300,157850,67001,2
45400,85317,46394,2
45500,134559,63466,2
45600,219588,128742,2
45700,167508,94905,2
45800,116516,52915,2
45900,152522,73993,2
46000,143085,67184,2
46100,105647,36444,2
46200,170399,44033,2
46300,224022,141692,2
46400,119223,62181,2
46500,191142,145042,2
46600,77546,45821,2
46700,153656,103473,2
46800,167055,59204,2
46900,92440,47960,2
47000,147435,100000,2
47100,127162,71905,2
47200,65428,52033,2
47300,163178,92348,2
47400,193771,82458,2
47500,156824,75155,2
47600,189493,106707,2
47700,118109,55960,2
47800,126011,57057,2
47900,201983,107640,2
48000,150346,61131,2
48100,181314,133087,2
48200,136326,44618,2
48300,162258,94138,2
48400,131707,58650,2
48500,158951,83200,2
48600,154240,49308,2
48700,143215,57480,2
48800,108845,68149,2
48900,171799,74908,2
49000,89347,49227,2
49100,88285,34080,2
49200,150016,69103,2
49300,187261,102427,2
49400,159742,66286,2
49500,114042,64145,2
49600,161442,84723,2
49700,72908,21198,2
49800,102502,54932,2
49900,154866,84643,2
50000,84915,49344,2
100,258,159,3
200,692,234,3
300,621,345,3
400,955,476,3
500,2042,1001,3
600,1814,753,3
700,1100,679,3
800,1661,856,3
900,3546,2357,3
1000,2472,1236,3
1100,2880,1220,3
1200,3525,1647,3
1300,4178,2009,3
1400,2788,1622,3
1500,5256,2450,3
1600,5863,3937,3
1700,2650,1398,3
1800,6798,5084,3
1900,7438,4524,3
2000,4055,2036,3
2100,8709,4272,3
2200,7006,3493,3
2300,9385,3537,3
2400,4226,1196,3
2500,5464,2789,3
2600,7725,3170,3
2700,10571,3839,3
2800,9027,4843,3
2900,9588,5488,3
3000,5456,3078,3
3100,7105,3841,3
3200,10651,6038,3
3300,9928,6594,3
3400,8907,6848,3
3500,8886,5828,3
3600,13206,4641,3
3700,14550,8460,3
3800,5281,4056,3
3900,10757,5341,3
4000,7406,4140,3
4100,8203,4263,3
4200,16114,9056,3
4300,24376,15012,3
4400,12732,8588,3
4500,17409,7621,3
4600,17390,6694,3
4700,19325,5708,3
4800,10679,6297,3
4900,9946,5580,3
5000,18735,12004,3
5100,15567,9456,3
5200,12362,3165,3
5300,17852,6059,3
5400,16226,8332,3
5500,17599,8986,3
5600,11173,5384,3
5700,11234,6032,3
5800,21575,9341,3
5900,14705,3925,3
6000,11034,7273,3
6100,14531,6527,3
6200,12292,8816,3
6300,12589,3842,3
6400,26281,17158,3
6500,15915,3079,3
6600,26224,11794,3
6700,18099,8264,3
6800,19512,12488,3
6900,19557,3409,3
7000,35784,7851,3
7100,18527,11953,3
7200,23477,14105,3
7300,31093,21144,3
7400,24249,10033,3
7500,20561,7057,3
7600,14717,8081,3
7700,20687,4609,3
7800,12988,3290,3
7900,27439,11084,3
8000,43439,13205,3
8100,19425,10747,3
8200,22266,8783,3
8300,31457,14720,3
8400,36822,21904,3
8500,16255,7812,3
8600,21435,13336,3
8700,20227,11717,3
8800,19588,9521,3
8900,22996,13272,3
9000,22916,7959,3
9100,22914,15024,3
9200,33954,10775,3
9300,26191,19397,3
9400,34438,9680,3
9500,18995,9934,3
9600,17234,7868,3
9700,34436,21557,3
9800,44777,35127,3
9900,30031,11988,3
10000,22006,9334,3
10100,30671,14285,3
10200,23476,11436,3
10300,33123,21682,3
10400,52670,30582,3
10500,34878,25200,3
10600,29939,20764,3
10700,23812,5734,3
10800,17954,9650,3
10900,36808,19979,3
11000,44518,20709,3
11100,25961,11803,3
11200,21552,12151,3
11300,22549,12616,3
11400,13719,2084,3
11500,29784,17734,3
11600,31075,18109,3
11700,26104,11606,3
11800,62692,40934,3
11900,32790,14316,3
12000,44058,15137,3
12100,33954,16346,3
12200,19445,13424,3
12300,39464,16308,3
12400,26150,14699,3
12500,22726,8379,3
12600,46935,15626,3
12700,45811,30464,3
12800,33324,13133,3
12900,52861,31875,3
13000,21441,8577,3
13100,34027,22848,3
13200,48052,32358,3
13300,44078,19876,3
13400,42190,28855,3
13500,43490,28157,3
13600,20061,11052,3
13700,42295,21634,3
13800,31439,17601,3
13900,69098,51314,3
14000,40248,15742,3
14100,64878,32452,3
14200,34169,18525,3
14300,48870,32074,3
14400,36742,14821,3
14500,52785,21835,3
14600,39881,17964,3
14700,22747,6426,3
14800,69086,41679,3
14900,38004,22087,3
15000,38641,17088,3
15100,53832,20404,3
15200,45383,23538,3
15300,58352,41131,3
15400,40971,25125,3
15500,28858,18058,3
15600,52586,29000,3
15700,22016,15423,3
15800,42103,20436,3
15900,50051,20988,3
16000,52369,12942,3
16100,58380,38638,3
16200,77484,36506,3
16300,39237,14800,3
16400,41820,24351,3
16500,62411,27069,3
16600,47209,19333,3
16700,42384,20539,3
16800,37827,17742,3
16900,28672,10803,3
17000,30688,13259,3
17100,54489,27399,3
17200,51620,15207,3
17300,65149,20465,3
17400,27683,9549,3
17500,89315,37205,3
17600,58413,39339,3
17700,81462,32696,3
17800,61695,30592,3
17900,44266,18876,3
18000,68646,38988,3
18100,51949,25353,3
18200,36298,18122,3
18300,25516,17698,3
18400,74374,44349,3
18500,38586,22444,3
18600,56614,25003,3
18700,46562,31789,3
18800,63224,31517,3
18900,38876,14651,3
19000,21252,18410,3
19100,54142,29684,3
19200,52100,18826,3
19300,76325,36115,3
19400,44325,20979,3
19500,76259,43084,3
19600,69226,51330,3
19700,41656,20165,3
19800,51247,25904,3
19900,31659,9465,3
20000,41507,20942,3
20100,35096,19928,3
20200,51181,28292,3
20300,95193,45867,3
20400,77196,20869,3
20500,89892,29096,3
20600,101984,48301,3
20700,51380,19164,3
20800,71628,37120,3
20900,31936,21688,3
21000,69583,42004,3
21100,65583,26016,3
21200,104795,64249,3
21300,95328,37802,3
21400,51981,18000,3
21500,55229,22755,3
21600,66462,26566,3
21700,114923,47597,3
21800,51381,22427,3
21900,57439,29833,3
22000,73529,19245,3
22100,93194,27437,3
22200,61913,41314,3
22300,99724,23287,3
22400,72623,55145,3
22500,45295,30127,3
22600,111917,74214,3
22700,43616,15039,3
22800,59100,37455,3
22900,89706,52456,3
23000,74965,24654,3
23100,65367,38799,3
23200,86069,27190,3
23300,36832,24348,3
23400,62929,38289,3
23500,94120,48826,3
23600,56226,27444,3
23700,53779,32551,3
23800,105266,66709,3
23900,45014,15889,3
24000,71434,45449,3
24100,101615,53738,3
24200,71090,27121,3
24300,61198,34843,3
24400,80663,28741,3
24500,63318,27760,3
24600,79590,18294,3
24700,31845,7314,3
24800,63977,24715,3
24900,89229,55405,3
25000,96599,35052,3
25100,30878,5970,3
25200,52849,19285,3
25300,126465,35485,3
25400,85651,35746,3
25500,82802,50801,3
25600,79295,17796,3
25700,109334,51378,3
25800,99372,63836,3
25900,81676,56139,3
26000,86205,52273,3
26100,66692,25260,3
26200,86729,26349,3
26300,93172,35357,3
26400,115256,66668,3
26500,59479,26887,3
26600,61286,27315,3
26700,58759,22149,3
26800,57986,38590,3
26900,59298,30922,3
27000,73631,25449,3
27100,87679,34747,3
27200,41459,12239,3
27300,87553,58478,3
27400,66178,40605,3
27500,117645,44126,3
27600,60716,39403,3
27700,53255,25605,3
27800,92934,41818,3
27900,54932,14557,3
28000,164643,101994,3
28100,68664,36179,3
28200,84771,32514,3
28300,65599,37271,3
28400,61716,38191,3
28500,112637,32516,3
28600,153411,78740,3
28700,124028,87992,3
28800,58209,38674,3
28900,150071,96444,3
29000,75885,50950,3
29100,74865,39357,3
29200,93249,58663,3
29300,98025,41426,3
29400,61562,28862,3
29500,172367,141694,3
29600,79672,53290,3
29700,88420,66349,3
29800,42196,29822,3
29900,68337,36589,3
30000,125239,83966,3
30100,97890,32365,3
30200,63597,25471,3
30300,116409,42077,3
30400,94907,41691,3
30500,86513,51571,3
30600,135150,70184,3
30700,141447,63720,3
30800,98085,44364,3
30900,115207,57313,3
31000,122456,51578,3
31100,71313,21630,3
31200,93688,31680,3
31300,94482,41215,3
31400,60681,29154,3
31500,98317,55063,3
31600,95002,39665,3
31700,109057,89958,3
31800,77301,50832,3
31900,69659,49724,3
32000,109470,54484,3
32100,64498,33405,3
32200,53689,35281,3
32300,105500,63700,3
32400,72982,40018,3
32500,52588,32665,3
32600,100929,61997,3
32700,112178,79264,3
32800,68837,44740,3
32900,82040,49383,3
33000,81726,42604,3
33100,115904,51552,3
33200,101475,23013,3
33300,90181,44295,3
33400,208199,126593,3
33500,98795,46179,3
33600,50058,15914,3
33700,74417,37406,3
33800,130133,34382,3
33900,75476,42225,3
34000,108234,57991,3
34100,110017,51164,3
34200,61870,47594,3
34300,83332,34509,3
34400,88667,33896,3
34500,58676,31817,3
34600,95935,37033,3
34700,182662,74185,3
34800,131983,68171,3
34900,136042,53960,3
35000,71867,34473,3
35100,111498,77958,3
35200,126356,51127,3
35300,124302,64872,3
35400,165734,93843,3
35500,145338,60296,3
35600,158996,84558,3
35700,62986,23746,3
35800,136509,85780,3
35900,72678,23040,3
36000,109606,33596,3
36100,118346,54526,3
36200,191747,114177,3
36300,92070,53691,3
36400,100402,59560,3
36500,93679,41427,3
36600,122638,49061,3
36700,109970,51892,3
36800,90393,32095,3
36900,125843,51446,3
37000,95888,55816,3
37100,119460,45950,3
37200,108737,81921,3
37300,68540,25709,3
37400,65820,24321,3
37500,123500,29301,3
37600,54695,37860,3
37700,125142,85329,3
37800,151770,112926,3
37900,144605,66897,3
38000,75336,36391,3
38100,105161,54464,3
38200,74957,42462,3
38300,134387,101485,3
38400,118544,84204,3
38500,157975,88037,3
38600,93205,52701,3
38700,130925,25033,3
38800,196944,88850,3
38900,86981,32221,3
39000,79544,19809,3
39100,93082,44354,3
39200,89483,52330,3
39300,114907,58229,3
39400,278802,115105,3
39500,176146,67674,3
39600,99256,35731,3
39700,161517,80977,3
39800,69627,46192,3
39900,100643,46293,3
40000,209269,121752,3
40100,123750,61646,3
40200,60280,16846,3
40300,54733,42338,3
40400,108919,51658,3
40500,154728,104559,3
40600,72735,48174,3
40700,86903,51229,3
40800,75141,32702,3
40900,72105,41818,3
41000,153461,101943,3
41100,82289,41469,3
41200,50128,44455,3
41300,190079,103930,3
41400,149570,50655,3
41500,153564,87482,3
41600,57561,12358,3
41700,179395,110576,3
41800,126559,51025,3
41900,209426,51373,3
42000,123849,53738,3
42100,138372,119682,3
42200,82267,38763,3
42300,99888,54142,3
42400,110116,47722,3
42500,103533,62591,3
42600,118942,79795,3
42700,164351,68916,3
42800,135061,78483,3
42900,201598,101995,3
43000,73267,49405,3
43100,67404,43802,3
43200,72244,43123,3
43300,121369,72122,3
43400,165364,108585,3
43500,165979,108383,3
43600,93743,37622,3
43700,106194,54194,3
43800,143117,53381,3
43900,217242,79076,3
44000,74877,35252,3
44100,118010,52581,3
44200,76655,55842,3
44300,92760,39900,3
44400,89751,36867,3
44500,162932,52674,3
44600,198908,130434,3
44700,127601,71095,3
44800,65348,47322,3
44900,98350,44693,3
45000,159925,56958,3
45100,157502,87843,3
45200,206914,128425,3
45300,147398,92193,3
45400,121575,60985,3
45500,135885,48700,3
45600,92084,45648,3
45700,193991,70048,3
45800,133262,47706,3
45900,100583,56626,3
46000,112775,64152,3
46100,131269,73521,3
46200,92132,54558,3
46300,90129,35374,3
46400,126229,71746,3
46500,149039,77812,3
46600,189204,126195,3
46700,96637,55301,3
46800,80199,36605,3
46900,191634,80853,3
47000,125486,41179,3
47100,209849,79793,3
47200,124568,73051,3
47300,108546,60404,3
47400,103711,39885,3
47500,192135,71722,3
47600,93102,42466,3
47700,135729,51488,3
47800,80846,43085,3
47900,147565,97929,3
48000,131943,61219,3
48100,75517,15935,3
48200,129047,49213,3
48300,137186,77780,3
48400,84628,52584,3
48500,81984,60685,3
48600,177990,82325,3
48700,100254,49379,3
48800,85057,62643,3
48900,88854,57160,3
49000,131702,69769,3
49100,190580,55135,3
49200,131453,54481,3
49300,199517,102100,3
49400,185818,84677,3
49500,123621,71854,3
49600,92873,44299,3
49700,209676,141117,3
49800,145014,68682,3
49900,103675,67510,3
50000,155095,56849,3
100,304,120,4
200,786,379,4
300,1423,944,4
400,1968,723,4
500,1229,666,4
600,2066,1077,4
700,2785,1234,4
800,3146,1190,4
900,3757,1560,4
1000,4050,1943,4
1100,3611,1375,4
1200,5645,3238,4
1300,3653,1426,4
1400,4278,1855,4
1500,6006,2313,4
1600,4376,2243,4
1700,5149,1707,4
1800,3815,2025,4
1900,5406,3427,4
2000,4384,1384,4
2100,8003,1630,4
2200,3844,2269,4
2300,4902,2469,4
2400,3363,1943,4
2500,9833,5525,4
2600,6434,1424,4
2700,8571,4750,4
2800,5985,2842,4
2900,6225,2691,4
3000,8023,3530,4
3100,3858,551,4
3200,12052,7609,4
3300,10420,6855,4
3400,4906,1037,4
3500,9730,7812,4
3600,12468,7438,4
3700,8145,6655,4
3800,10803,4844,4
3900,10926,4113,4
4000,7954,5157,4
4100,15819,7178,4
4200,15266,5422,4
4300,8938,4192,4
4400,11113,5680,4
4500,9116,4116,4
4600,15082,9084,4
4700,11957,7952,4
4800,9440,3963,4
4900,15259,9988,4
5000,19573,9739,4
5100,14580,6001,4
5200,8264,3040,4
5300,14810,9239,4
5400,13314,5945,4
5500,17575,9330,4
5600,19122,11729,4
5700,21660,13043,4
5800,11858,5498,4
5900,10328,4622,4
6000,26405,5995,4
6100,10524,3239,4
6200,39951,14911,4
6300,19520,12578,4
6400,16700,7074,4
6500,19309,11510,4
6600,15991,5537,4
6700,17201,7620,4
6800,26244,16644,4
6900,19784,10022,4
7000,24851,14884,4
7100,14915,6193,4
7200,16151,8467,4
7300,22307,15255,4
7400,15445,8165,4
7500,11694,7790,4
7600,29645,16638,4
7700,13635,4522,4
7800,20475,12256,4
7900,26749,6886,4
8000,25938,14934,4
8100,39751,20122,4
8200,35297,21610,4
8300,25829,16442,4
8400,17370,11166,4
8500,25205,14353,4
8600,11788,2858,4
8700,44304,24481,4
8800,23347,12006,4
8900,24346,13241,4
9000,44665,29485,4
9100,23938,9259,4
9200,18497,7445,4
9300,24293,17054,4
9400,35194,23282,4
9500,14219,10018,4
9600,28009,11722,4
9700,14295,9408,4
9800,41329,23408,4
9900,40504,17394,4
10000,38240,27198,4
10100,24115,13925,4
10200,19111,8530,4
10300,23578,9278,4
10400,45788,22714,4
10500,36550,19531,4
10600,28270,7931,4
10700,26793,7101,4
10800,22174,15886,4
10900,23763,16542,4
11000,39842,22902,4
11100,49449,22760,4
11200,31035,17997,4
11300,35838,11492,4
11400,31196,13188,4
11500,47208,27866,4
11600,32682,18292,4
11700,18525,11924,4
11800,28605,13462,4
11900,39409,27043,4
12000,19599,8904,4
12100,13969,1779,4
12200,29763,13667,4
12300,21069,6867,4
12400,35854,25954,4
12500,34050,12158,4
12600,47380,9976,4
12700,50165,20353,4
12800,38406,25498,4
12900,33569,16641,4
13000,54493,33688,4
13100,32813,13476,4
13200,46809,13633,4
13300,30820,13718,4
13400,19848,6110,4
13500,18488,4683,4
13600,39029,20477,4
13700,28447,13681,4
13800,38809,23808,4
13900,31570,11493,4
14000,25637,11314,4
14100,37300,15674,4
14200,17913,3259,4
14300,39874,16638,4
14400,40605,18977,4
14500,32766,20881,4
14600,43259,14007,4
14700,29292,13522,4
14800,43075,26192,4
14900,37765,16272,4
15000,45163,30127,4
15100,108279,66667,4
15200,47947,17893,4
15300,49241,14790,4
15400,66794,29046,4
15500,67269,24974,4
15600,32954,12863,4
15700,33391,15748,4
15800,59133,45430,4
15900,68112,30998,4
16000,22515,5339,4
16100,34014,20505,4
16200,43247,16408,4
16300,67058,42466,4
16400,39265,20103,4
16500,27133,11172,4
16600,42657,15319,4
16700,34058,15486,4
16800,97687,38624,4
16900,33216,16954,4
17000,30978,15850,4
17100,32548,18722,4
17200,45293,26595,4
17300,60951,39552,4
17400,50359,19749,4
17500,57161,37526,4
17600,49384,27804,4
17700,73739,41451,4
17800,64538,20439,4
17900,49062,25491,4
18000,54837,27195,4
18100,65385,21814,4
18200,71049,38337,4
18300,46122,20981,4
18400,61131,27131,4
18500,37876,19264,4
18600,68662,23823,4
18700,43038,13278,4
18800,71206,34730,4
18900,55562,37401,4
19000,35686,13936,4
19100,49824,31189,4
19200,53755,36791,4
19300,72654,41438,4
19400,67228,32767,4
19500,83677,42174,4
19600,49045,32482,4
19700,85039,48324,4
19800,131780,81847,4
19900,92465,30014,4
20000,76643,52288,4
20100,33643,21618,4
20200,68635,25246,4
20300,27839,5674,4
20400,75415,47004,4
20500,99466,43462,4
20600,57670,22384,4
20700,35302,14773,4
20800,58250,24346,4
20900,49135,20748,4
21000,57345,25823,4
21100,72964,35478,4
21200,45834,25631,4
21300,44944,11245,4
21400,48958,27103,4
21500,62062,30622,4
21600,71960,41939,4
21700,35632,12565,4
21800,104433,47438,4
21900,66393,43235,4
22000,91282,56758,4
22100,55460,37643,4
22200,89111,51216,4
22300,51404,10897,4
22400,106816,61332,4
22500,74858,21540,4
22600,47813,27256,4
22700,46701,18100,4
22800,102237,39151,4
22900,40041,22330,4
23000,44187,23047,4
23100,69556,43928,4
23200,64799,27780,4
23300,56698,32888,4
23400,82840,40242,4
23500,54942,30694,4
23600,63821,22331,4
23700,59302,33290,4
23800,80575,46514,4
23900,88790,35196,4
24000,76013,42494,4
24100,80850,43156,4
24200,109064,58605,4
24300,87803,29476,4
24400,111707,51836,4
24500,117470,26625,4
24600,100485,30810,4
24700,120291,34236,4
24800,33072,6540,4
24900,82827,27562,4
25000,45206,27660,4
25100,88315,37938,4
25200,94552,56624,4
25300,43349,18979,4
25400,83230,39354,4
25500,88705,29364,4
25600,37774,29216,4
25700,99964,37428,4
25800,61611,26686,4
25900,53778,29892,4
26000,94328,49992,4
26100,32082,5631,4
26200,127523,96928,4
26300,95489,31280,4
26400,74216,26955,4
26500,60196,26717,4
26600,83938,33487,4
26700,56038,26397,4
26800,61332,36982,4
26900,56748,40078,4
27000,146595,79266,4
27100,64664,27166,4
27200,66566,40546,4
27300,96254,50575,4
27400,77884,50351,4
27500,76779,53623,4
27600,79994,43591,4
27700,97457,57002,4
27800,39331,32333,4
27900,55784,35513,4
28000,106293,65497,4
28100,75499,30137,4
28200,57179,16219,4
28300,93955,44250,4
28400,54217,17505,4
28500,70789,41945,4
28600,94721,43187,4
28700,109509,68667,4
28800,126097,64284,4
28900,77630,43940,4
29000,112309,54425,4
29100,68226,32717,4
29200,57257,19205,4
29300,78782,27789,4
29400,50514,28333,4
29500,72792,30583,4
29600,51641,33800,4
29700,84064,52566,4
29800,79047,32586,4
29900,132548,62355,4
30000,118591,87551,4
30100,121358,63768,4
30200,88280,46504,4
30300,105645,57797,4
30400,98942,75979,4
30500,84836,30603,4
30600,43365,10820,4
30700,52945,25430,4
30800,71736,35084,4
30900,75106,41995,4
31000,64299,29628,4
31100,57699,30672,4
31200,109669,53377,4
31300,83133,57269,4
31400,86195,43500,4
31500,87178,32187,4
31600,71317,43535,4
31700,82758,31777,4
31800,49912,17618,4
31900,152748,92090,4
32000,148543,78284,4
32100,68492,19599,4
32200,40214,32593,4
32300,82669,52591,4
32400,77713,32929,4
32500,58284,37233,4
32600,87290,64205,4
32700,79147,36216,4
32800,127032,64004,4
32900,75117,35525,4
33000,52233,33046,4
33100,175040,72747,4
33200,107400,69874,4
33300,123703,77164,4
33400,135035,105042,4
33500,71034,39628,4
33600,50378,36172,4
33700,138112,64631,4
33800,85703,45853,4
33900,124974,45198,4
34000,127981,41091,4
34100,95538,49079,4
34200,95613,50219,4
34300,142620,41174,4
34400,78734,43458,4
34500,193267,114671,4
34600,101345,50831,4
34700,140919,62093,4
34800,109227,47933,4
34900,73246,31579,4
35000,100298,40699,4
35100,99830,36140,4
35200,48341,37059,4
35300,100929,45179,4
35400,64991,28854,4
35500,87331,47316,4
35600,65096,37462,4
35700,152190,82057,4
35800,72805,34614,4
35900,170145,28695,4
36000,74749,36575,4
36100,80654,44289,4
36200,111671,45699,4
36300,77545,34949,4
36400,79519,38902,4
36500,97786,66330,4
36600,95443,59035,4
36700,100335,41546,4
36800,101544,37512,4
36900,109684,45462,4
37000,72890,38401,4
37100,54409,42144,4
37200,179867,76443,4
37300,151827,108028,4
37400,203008,87332,4
37500,86807,65013,4
37600,151770,113672,4
37700,70943,30806,4
37800,113663,71732,4
37900,110754,71916,4
38000,74031,52920,4
38100,127348,71708,4
38200,53650,38274,4
38300,126506,64804,4
38400,47194,7609,4
38500,134074,59782,4
38600,72044,40567,4
38700,261862,147760,4
38800,180177,61478,4
38900,60989,40861,4
39000,103322,39012,4
39100,128186,78493,4
39200,177098,69582,4
39300,200199,75737,4
39400,176740,110958,4
39500,120705,87220,4
39600,165833,113332,4
39700,79228,40906,4
39800,88350,57049,4
39900,93953,46732,4
40000,71410,53988,4
40100,79358,53575,4
40200,93955,40820,4
40300,78680,37935,4
40400,57259,16021,4
40500,62526,43357,4
40600,110572,46849,4
40700,93670,48851,4
40800,113511,47475,4
40900,148802,84562,4
41000,166982,50342,4
41100,130014,78003,4
41200,72816,35908,4
41300,160160,76233,4
41400,57615,29619,4
41500,147143,84977,4
41600,164366,75791,4
41700,127347,67399,4
41800,133943,65887,4
41900,117893,68989,4
42000,123354,48757,4
42100,113199,43665,4
42200,116991,57616,4
42300,80642,43606,4
42400,74109,43069,4
42500,60999,26331,4
42600,136759,81095,4
42700,66550,51356,4
42800,63478,44736,4
42900,145700,73516,4
43000,146634,79413,4
43100,140902,48706,4
43200,70825,43119,4
43300,109006,50722,4
43400,256050,112378,4
43500,169797,69584,4
43600,149032,103344,4
43700,136128,62616,4
43800,153467,92015,4
43900,114856,78386,4
44000,126748,19511,4
44100,198193,129913,4
44200,245340,163066,4
44300,120167,54068,4
44400,59011,47360,4
44500,86559,63443,4
44600,83366,52718,4
44700,170194,94880,4
44800,163192,67526,4
44900,57544,10859,4
45000,191005,99262,4
45100,206262,119905,4
45200,96473,47158,4
45300,155542,59028,4
45400,124926,67429,4
45500,228734,151127,4
45600,128314,51449,4
45700,143999,86409,4
45800,80795,55572,4
45900,242117,130270,4
46000,71057,47506,4
46100,93294,39370,4
46200,107597,31326,4
46300,138802,67939,4
46400,187571,97391,4
46500,62049,14547,4
46600,61291,42792,4
46700,98532,50583,4
46800,154607,84408,4
46900,185154,132687,4
47000,151645,45239,4
47100,169583,98744,4
47200,126510,83167,4
47300,203359,68554,4
47400,153922,81081,4
47500,137531,86752,4
47600,80051,30152,4
47700,53699,4657,4
47800,146889,44340,4
47900,166540,61894,4
48000,145400,92509,4
48100,87845,33433,4
48200,151474,112122,4
48300,254611,113658,4
48400,138205,83682,4
48500,133234,80376,4
48600,77616,56987,4
48700,149466,115590,4
48800,142446,92570,4
48900,135706,55092,4
49000,145592,65040,4
49100,144940,80271,4
49200,167711,78911,4
49300,164940,110665,4
49400,194112,125084,4
49500,137621,58652,4
49600,121507,24963,4
49700,206837,109256,4
49800,138093,55354,4
49900,174962,74771,4
50000,178222,128058,4
100,305,147,5
200,986,448,5
300,904,611,5
400,914,611,5
500,1186,320,5
600,1787,774,5
700,1466,897,5
800,2781,691,5
900,2474,970,5
1000,2995,1678,5
1100,2019,1168,5
1200,2282,901,5
1300,5506,2231,5
1400,7764,2745,5
1500,2236,725,5
1600,3792,975,5
1700,5024,2484,5
1800,7971,3812,5
1900,3772,1824,5
2000,7059,4604,5
2100,8187,2582,5
2200,6966,3494,5
2300,9838,6017,5
2400,11658,5808,5
2500,4786,1972,5
2600,14072,8808,5
2700,4820,2426,5
2800,7795,4739,5
2900,8783,3539,5
3000,6365,3460,5
3100,8971,3868,5
3200,12012,4124,5
3300,4108,759,5
3400,6776,3389,5
3500,15779,7476,5
3600,9886,5498,5
3700,26065,11377,5
3800,9708,4320,5
3900,13340,8089,5
4000,7452,3479,5
4100,9644,1345,5
4200,8552,4208,5
4300,12269,4770,5
4400,9135,3995,5
4500,21107,8461,5
4600,21916,9217,5
4700,19411,6403,5
4800,13891,5401,5
4900,23102,11739,5
5000,10679,5632,5
5100,21327,13003,5
5200,8696,6206,5
5300,11483,5108,5
5400,10151,3106,5
5500,18018,7221,5
5600,19637,8954,5
5700,9698,4734,5
5800,21991,13201,5
5900,7426,5435,5
6000,22860,11886,5
6100,15401,7170,5
6200,11381,4505,5
6300,13844,6132,5
6400,13881,6638,5
6500,29201,12348,5
6600,13209,1709,5
6700,26663,17995,5
6800,25709,12240,5
6900,25623,11304,5
7000,18384,10868,5
7100,20504,8427,5
7200,16022,10079,5
7300,25687,12616,5
7400,26052,12050,5
7500,16666,9155,5
7600,17186,10722,5
7700,23966,8998,5
7800,13118,4897,5
7900,19768,10437,5
8000,22905,9149,5
8100,17998,11844,5
8200,28666,16043,5
8300,22699,14847,5
8400,44806,21204,5
8500,32933,15129,5
8600,36257,27124,5
8700,18783,10806,5
8800,17181,8576,5
8900,22055,13642,5
9000,32960,14575,5
9100,24953,12926,5
9200,43219,13060,5
9300,24986,15722,5
9400,22480,11524,5
9500,18146,4529,5
9600,31962,15176,5
9700,31155,20596,5
9800,33337,17984,5
9900,40151,26872,5
10000,18926,8632,5
10100,36754,18403,5
10200,48123,19870,5
10300,37758,7492,5
10400,33491,11975,5
10500,56056,36221,5
10600,47842,21038,5
10700,32001,22441,5
10800,50550,20890,5
10900,20730,11793,5
11000,31377,18320,5
11100,41953,21311,5
11200,31452,14488,5
11300,44328,26608,5
11400,37847,12789,5
11500,23033,8775,5
11600,24379,11858,5
11700,19503,9570,5
11800,28017,14910,5
11900,24161,8638,5
12000,47546,23812,5
12100,37661,16447,5
12200,47164,16761,5
12300,27136,4756,5
12400,27443,21018,5
12500,33265,19867,5
12600,29371,17893,5
12700,40026,16102,5
12800,42464,22512,5
12900,40781,13677,5
13000,28280,16234,5
13100,34495,14247,5
13200,47387,27481,5
13300,44873,19809,5
13400,34294,17958,5
13500,54426,30545,5
13600,61928,31492,5
13700,51918,18474,5
13800,55031,18366,5
13900,70989,47543,5
14000,37647,17015,5
14100,70294,53081,5
14200,35834,16347,5
14300,49411,20133,5
14400,85201,48507,5
14500,40049,18823,5
14600,22345,8623,5
14700,34973,14634,5
14800,53826,30975,5
14900,52192,24000,5
15000,24165,17101,5
15100,29397,22745,5
15200,31590,9406,5
15300,47602,20905,5
15400,40600,20543,5
15500,61111,23094,5
15600,22469,17373,5
15700,33907,5558,5
15800,67599,26814,5
15900,45565,25632,5
16000,37688,23077,5
16100,33538,26742,5
16200,67466,18205,5
16300,28210,16423,5
16400,48587,17432,5
16500,38753,13235,5
16600,63490,31325,5
16700,30183,17855,5
16800,34555,17026,5
16900,59833,41947,5
17000,56729,15838,5
17100,71457,21172,5
17200,49192,25899,5
17300,51471,17720,5
17400,52671,26316,5
17500,63171,25835,5
17600,58005,27321,5
17700,47932,29857,5
17800,48288,29879,5
17900,37128,19270,5
18000,56068,36705,5
18100,48524,27846,5
18200,48299,19076,5
18300,43410,20137,5
18400,37010,17530,5
18500,58736,27013,5
18600,36884,17956,5
18700,42195,16918,5
18800,56583,31441,5
18900,55307,18808,5
19000,47094,25481,5
19100,41084,21702,5
19200,58785,34301,5
19300,37359,20028,5
19400,42768,24817,5
19500,44121,22703,5
19600,76349,25708,5
19700,40691,13864,5
19800,38347,21850,5
19900,48256,21940,5
20000,64603,25427,5
20100,90179,34014,5
20200,47607,22448,5
20300,51551,16012,5
20400,46157,17098,5
20500,33556,11041,5
20600,84815,43701,5
20700,53115,20310,5
20800,63935,22200,5
20900,61200,15943,5
21000,44398,20669,5
21100,64737,42895,5
21200,98749,55331,5
21300,61595,36289,5
21400,58321,37278,5
21500,35946,12459,5
21600,51454,20559,5
21700,103547,40886,5
21800,46081,10814,5
21900,72676,42885,5
22000,62646,25874,5
22100,52021,29912,5
22200,68148,21649,5
22300,55980,22487,5
22400,55271,27043,5
22500,108420,51594,5
22600,82003,39698,5
22700,75658,37298,5
22800,95296,34480,5
22900,72635,35010,5
23000,39596,21585,5
23100,90203,48693,5
23200,102466,44818,5
23300,67214,31900,5
23400,87050,37871,5
23500,73448,51839,5
23600,40242,23963,5
23700,47862,27313,5
23800,79735,50700,5
23900,119870,55607,5
24000,67541,43183,5
24100,208997,91062,5
24200,110038,57091,5
24300,72477,46474,5
24400,33118,27745,5
24500,29587,4070,5
24600,85497,43253,5
24700,59086,29753,5
24800,116026,71799,5
24900,63800,32467,5
25000,48849,16234,5
25100,91638,35623,5
25200,135633,89236,5
25300,52812,29135,5
25400,88925,31836,5
25500,97266,25519,5
25600,72471,47754,5
25700,84460,46375,5
25800,49694,13232,5
25900,61206,40223,5
26000,52290,25790,5
26100,147249,101899,5
26200,52051,24612,5
26300,49885,23835,5
26400,74830,47114,5
26500,87783,74199,5
26600,98373,56343,5
26700,89411,46384,5
26800,82455,50078,5
26900,133692,65903,5
27000,52693,33021,5
27100,113230,34446,5
27200,50655,23014,5
27300,85681,57264,5
27400,83235,68882,5
27500,83872,52406,5
27600,142609,79551,5
27700,107930,47533,5
27800,73094,37741,5
27900,100352,45149,5
28000,102066,43391,5
28100,72347,37745,5
28200,88031,38709,5
28300,36649,31537,5
28400,116758,72357,5
28500,56114,20483,5
28600,94306,45580,5
28700,115210,63033,5
28800,160951,76660,5
28900,74451,24205,5
29000,111660,52124,5
29100,69431,34696,5
29200,102345,56024,5
29300,108312,68928,5
29400,54968,29941,5
29500,73876,53805,5
29600,65103,43587,5
29700,60384,25263,5
29800,80955,52714,5
29900,107710,60349,5
30000,120520,89454,5
30100,67664,29709,5
30200,61688,32026,5
30300,127958,40342,5
30400,64900,38890,5
30500,86343,45243,5
30600,67537,36428,5
30700,70763,44556,5
30800,89006,45837,5
30900,128609,33481,5
31000,95511,57038,5
31100,128505,95179,5
31200,59396,23419,5
31300,136198,75612,5
31400,66185,28969,5
31500,128747,39388,5
31600,75817,39440,5
31700,92877,50297,5
31800,111698,39062,5
31900,95685,45684,5
32000,61215,29818,5
32100,51796,32723,5
32200,115801,52779,5
32300,95903,64462,5
32400,59884,29887,5
32500,37580,6092,5
32600,100579,51674,5
32700,120786,58877,5
32800,65100,35485,5
32900,145569,76533,5
33000,151592,68855,5
33100,124784,76460,5
33200,130403,84701,5
33300,43995,34307,5
33400,91478,54012,5
33500,118367,65184,5
33600,113191,67127,5
33700,74195,41554,5
33800,111938,51324,5
33900,115788,69771,5
34000,92084,41903,5
34100,97999,53752,5
34200,49635,14732,5
34300,88246,53845,5
34400,91220,35354,5
34500,61386,46985,5
34600,92483,30040,5
34700,48062,12085,5
34800,107052,43958,5
34900,90883,39838,5
35000,62149,28659,5
35100,97663,33923,5
35200,72943,21197,5
35300,71739,49851,5
35400,71695,28026,5
35500,58701,17495,5
35600,121291,81511,5
35700,106083,66546,5
35800,186341,82651,5
35900,67511,31302,5
36000,135431,73997,5
36100,159429,80728,5
36200,165095,89067,5
36300,82615,53188,5
36400,61210,24191,5
36500,114776,79560,5
36600,147441,73580,5
36700,48814,41277,5
36800,89618,49110,5
36900,112348,82656,5
37000,94402,74577,5
37100,181261,83522,5
37200,158338,76708,5
37300,66663,39950,5
37400,105389,56168,5
37500,120168,36520,5
37600,127237,47480,5
37700,63048,36864,5
37800,102231,48277,5
37900,109398,71372,5
38000,55693,22205,5
38100,88479,38516,5
38200,70420,34578,5
38300,86959,55948,5
38400,58280,31739,5
38500,73495,34412,5
38600,133171,36507,5
38700,101206,63227,5
38800,85677,38007,5
38900,206279,63199,5
39000,93051,38950,5
39100,154365,57730,5
39200,92284,32685,5
39300,116401,47037,5
39400,175451,136719,5
39500,177633,114439,5
39600,173683,109285,5
39700,73787,43242,5
39800,89703,41377,5
39900,138377,59107,5
40000,116267,62917,5
40100,88386,41406,5
40200,160911,48302,5
40300,64715,22318,5
40400,139551,72651,5
40500,92783,44802,5
40600,66319,24383,5
40700,67663,44871,5
40800,134104,46549,5
40900,74209,40096,5
41000,113611,45800,5
41100,123380,56736,5
41200,187035,114063,5
41300,140181,66955,5
41400,232970,74980,5
41500,126747,46197,5
41600,139392,74373,5
41700,85735,40739,5
41800,121377,66610,5
41900,65130,17356,5
42000,185648,36300,5
42100,53089,8503,5
42200,100182,75567,5
42300,131840,81362,5
42400,47603,3462,5
42500,299183,142449,5
42600,133466,73061,5
42700,225856,163382,5
42800,58529,44010,5
42900,175551,71178,5
43000,88113,43466,5
43100,65449,21660,5
43200,169695,74586,5
43300,92111,61945,5
43400,68454,26429,5
43500,100138,60363,5
43600,86447,39901,5
43700,89614,44612,5
43800,101414,41748,5
43900,152942,35677,5
44000,135430,88343,5
44100,70282,18737,5
44200,99891,26999,5
44300,76314,42656,5
44400,95187,42673,5
44500,171997,84980,5
44600,131402,85199,5
44700,93288,40426,5
44800,136037,86536,5
44900,194070,93867,5
45000,125027,77132,5
45100,143715,74971,5
45200,171337,93914,5
45300,151271,97430,5
45400,184731,61897,5
45500,191392,117584,5
45600,147713,98250,5
45700,87585,45478,5
45800,125931,70680,5
45900,155868,99226,5
46000,274572,88938,5
46100,146916,88635,5
46200,189757,93781,5
46300,122152,59230,5
46400,225499,149717,5
46500,104653,58965,5
46600,111238,48473,5
46700,172585,96486,5
46800,150425,95478,5
46900,191753,73328,5
47000,97304,49551,5
47100,107841,49603,5
47200,164052,93056,5
47300,121907,46813,5
47400,112632,48595,5
47500,141378,66061,5
47600,117197,59565,5
47700,212827,65298,5
47800,129931,38355,5
47900,137350,74763,5
48000,196389,99817,5
48100,144739,72189,5
48200,216387,60527,5
48300,138273,45394,5
48400,203245,151938,5
48500,159545,48114,5
48600,174971,81782,5
48700,109146,60042,5
48800,88840,49370,5
48900,94082,62961,5
49000,159069,69526,5
49100,76561,26952,5
49200,181553,146711,5
49300,129349,75820,5
49400,88718,49923,5
49500,156279,93539,5
49600,175205,52767,5
49700,73083,30323,5
49800,166599,98069,5
49900,119742,59067,5
50000,232202,88181,5
