n,c,s,trial
100,1060,280,1
200,2417,698,1
300,3518,968,1
400,4857,1362,1
500,5653,1696,1
600,6958,2045,1
700,9812,2698,1
800,10726,3058,1
900,10751,3257,1
1000,12584,3690,1
1100,14431,4078,1
1200,14427,4232,1
1300,15485,4645,1
1400,17832,5292,1
1500,19138,5444,1
1600,21781,6231,1
1700,20873,6073,1
1800,21184,6006,1
1900,22564,6525,1
2000,24131,6802,1
2100,25210,7237,1
2200,26739,7635,1
2300,28600,8770,1
2400,28058,7904,1
2500,27501,8293,1
2600,30356,8803,1
2700,31377,9148,1
2800,33278,9576,1
2900,32143,9519,1
3000,37797,10415,1
3100,38265,10530,1
3200,42025,11517,1
3300,42674,11690,1
3400,40713,11595,1
3500,40418,11776,1
3600,48373,13822,1
3700,43913,13139,1
3800,45874,13577,1
3900,44232,13135,1
4000,50764,14522,1
4100,47322,14022,1
4200,52920,15389,1
4300,48648,14525,1
4400,51873,15073,1
4500,54756,15509,1
4600,55916,16624,1
4700,60440,16914,1
4800,59218,17076,1
4900,61299,18015,1
5000,58761,17525,1
5100,57873,17642,1
5200,63786,18127,1
5300,65495,18798,1
5400,68446,18794,1
5500,66772,19092,1
5600,65338,18980,1
5700,65875,20043,1
5800,72142,20797,1
5900,70549,20386,1
6000,66682,19754,1
6100,74056,21451,1
6200,82192,23372,1
6300,79781,22301,1
6400,75066,21420,1
6500,80015,22282,1
6600,77233,22899,1
6700,78542,23011,1
6800,83332,22998,1
6900,77553,23491,1
7000,82298,23811,1
7100,82469,24303,1
7200,86198,24426,1
7300,86475,25360,1
7400,99310,27590,1
7500,91069,25212,1
7600,88996,25482,1
7700,85765,26047,1
7800,92831,26822,1
7900,103671,29454,1
8000,95468,28302,1
8100,100112,27986,1
8200,106108,29865,1
8300,98711,29182,1
8400,101416,29576,1
8500,105119,29797,1
8600,101808,29315,1
8700,97652,30047,1
8800,104804,30173,1
8900,105729,30697,1
9000,105918,30111,1
9100,106690,30976,1
9200,107251,31575,1
9300,103444,30213,1
9400,112298,31711,1
9500,112739,33320,1
9600,112924,32348,1
9700,112322,33228,1
9800,120217,34702,1
9900,110659,33720,1
10000,121140,34538,1
10100,126001,35284,1
10200,121282,36286,1
10300,125122,36824,1
10400,129933,36181,1
10500,133332,36754,1
10600,126780,37924,1
10700,122009,36509,1
10800,126697,37801,1
10900,136740,38530,1
11000,133383,38392,1
11100,128308,37933,1
11200,134958,38379,1
11300,131735,38720,1
11400,136565,39598,1
11500,144773,39567,1
11600,130005,40119,1
11700,138086,39463,1
11800,136249,40293,1
11900,142179,41356,1
12000,147426,41627,1
12100,145919,44399,1
12200,144901,42411,1
12300,140695,43061,1
12400,146005,43572,1
12500,140728,43426,1
12600,145817,43351,1
12700,147510,42656,1
12800,141785,43667,1
12900,153115,43930,1
13000,164302,46400,1
13100,157182,45438,1
13200,156959,45186,1
13300,152478,44043,1
13400,162840,45214,1
13500,152396,46175,1
13600,161541,45783,1
13700,154589,46565,1
13800,157240,46736,1
13900,165016,46912,1
14000,163825,47121,1
14100,177310,49092,1
14200,162036,48794,1
14300,172500,48764,1
14400,166609,49278,1
14500,166175,48757,1
14600,158334,49178,1
14700,182948,50183,1
14800,173541,50203,1
14900,187073,52930,1
15000,177623,51353,1
15100,175845,51817,1
15200,199509,59953,1
15300,177092,51827,1
15400,184112,51772,1
15500,191159,54179,1
15600,181572,53277,1
15700,189798,56095,1
15800,189663,58029,1
15900,176382,53094,1
16000,191367,57413,1
16100,186723,55447,1
16200,197513,56411,1
16300,220702,64105,1
16400,184699,55900,1
16500,188157,58185,1
16600,192207,58125,1
16700,205707,58495,1
16800,191403,58229,1
16900,195735,57757,1
17000,207808,58330,1
17100,224157,63166,1
17200,206011,59009,1
17300,207411,59719,1
17400,220335,61757,1
17500,213534,59895,1
17600,217416,63111,1
17700,217884,61182,1
17800,225290,62293,1
17900,215408,63208,1
18000,218157,62437,1
18100,226993,62318,1
18200,224266,65971,1
18300,227895,63274,1
18400,235900,66452,1
18500,226373,64432,1
18600,216940,62854,1
18700,218458,63642,1
18800,221551,64786,1
18900,221488,65650,1
19000,241540,70701,1
19100,232026,66296,1
19200,239264,69104,1
19300,224312,69025,1
19400,251502,72018,1
19500,244778,68190,1
19600,262669,74803,1
19700,244880,70379,1
19800,256682,70611,1
19900,246937,69878,1
20000,248370,70852,1
20100,257739,71090,1
20200,238908,70605,1
20300,232594,71179,1
20400,240899,72766,1
20500,249551,70079,1
20600,245425,70978,1
20700,260786,72608,1
20800,244056,71423,1
20900,247388,72368,1
21000,244383,73043,1
21100,257495,74312,1
21200,253593,76430,1
21300,269678,73766,1
21400,252535,71632,1
21500,272869,75840,1
21600,256738,73918,1
21700,260039,73962,1
21800,258871,77287,1
21900,255778,72269,1
22000,264711,76397,1
22100,261624,76122,1
22200,253021,75534,1
22300,273638,78139,1
22400,267184,77878,1
22500,257813,75299,1
22600,266112,78421,1
22700,272080,80460,1
22800,272837,77140,1
22900,274816,78245,1
23000,296827,84256,1
23100,280773,78889,1
23200,276353,82326,1
23300,287832,82365,1
23400,277147,81553,1
23500,271067,80156,1
23600,273768,81744,1
23700,285626,82169,1
23800,279486,81074,1
23900,283974,82527,1
24000,272390,79394,1
24100,286106,83311,1
24200,285390,83465,1
24300,282575,82073,1
24400,282583,83703,1
24500,295004,86352,1
24600,277357,83688,1
24700,302246,83414,1
24800,296167,84582,1
24900,288360,86451,1
25000,304028,86738,1
25100,317349,90697,1
25200,311581,87156,1
25300,306048,87625,1
25400,293067,88057,1
25500,283863,86631,1
25600,294300,89033,1
25700,307513,91150,1
25800,319341,92290,1
25900,307881,91226,1
26000,328349,90064,1
26100,300659,89552,1
26200,313933,90141,1
26300,315424,90370,1
26400,315512,90646,1
26500,327515,92198,1
26600,319542,90847,1
26700,323276,93286,1
26800,317558,93298,1
26900,326849,89434,1
27000,322586,92313,1
27100,325043,92208,1
27200,340597,94639,1
27300,337461,94379,1
27400,324537,93503,1
27500,340470,94716,1
27600,317733,95674,1
27700,329490,94484,1
27800,327443,95587,1
27900,327002,92824,1
28000,334165,95824,1
28100,340471,95362,1
28200,313893,96303,1
28300,342976,97020,1
28400,335597,97311,1
28500,334338,99100,1
28600,344742,95539,1
28700,348559,99308,1
28800,323128,98089,1
28900,340677,99667,1
29000,364271,101215,1
29100,331075,98288,1
29200,352620,102378,1
29300,355963,100033,1
29400,376470,108658,1
29500,343653,99385,1
29600,348086,102970,1
29700,357383,101126,1
29800,361770,104784,1
29900,345303,106707,1
30000,334366,102414,1
30100,354267,103427,1
30200,362560,104280,1
30300,373619,103352,1
30400,357262,102190,1
30500,371756,106526,1
30600,359935,104764,1
30700,371213,104672,1
30800,353299,104614,1
30900,362680,108182,1
31000,370503,104625,1
31100,435602,125217,1
31200,383445,113101,1
31300,377512,108950,1
31400,394766,118215,1
31500,383412,106515,1
31600,385062,108760,1
31700,406985,110052,1
31800,381697,105473,1
31900,366889,110288,1
32000,419805,114909,1
32100,367483,111892,1
32200,369502,112447,1
32300,361019,111125,1
32400,381690,112523,1
32500,384598,111988,1
32600,401697,118829,1
32700,395881,111514,1
32800,399265,121889,1
32900,415086,120773,1
33000,373282,112150,1
33100,423547,116668,1
33200,380146,116684,1
33300,378788,115926,1
33400,409717,120781,1
33500,406083,115722,1
33600,390037,114183,1
33700,415245,114025,1
33800,414863,116703,1
33900,388998,115689,1
34000,400839,117563,1
34100,406887,118110,1
34200,414492,115305,1
34300,399411,116374,1
34400,396189,115172,1
34500,414119,117074,1
34600,402309,118292,1
34700,386064,116439,1
34800,434935,119973,1
34900,401453,117503,1
35000,425805,122747,1
35100,425562,120514,1
35200,417984,118719,1
35300,402086,119305,1
35400,417488,119781,1
35500,407987,121957,1
35600,400302,122723,1
35700,435468,122374,1
35800,423671,122198,1
35900,435745,123316,1
36000,424522,119332,1
36100,422767,122935,1
36200,415166,121456,1
36300,409778,123175,1
36400,430577,121981,1
36500,427514,123821,1
36600,431563,126146,1
36700,409385,123628,1
36800,510570,150497,1
36900,441745,126604,1
37000,443243,126597,1
37100,446227,125605,1
37200,461223,130332,1
37300,443505,130423,1
37400,542310,158554,1
37500,439123,126810,1
37600,425525,128460,1
37700,452835,126247,1
37800,463136,136260,1
37900,440416,127177,1
38000,463366,131511,1
38100,437011,130770,1
38200,492862,136901,1
38300,457180,131966,1
38400,452244,131057,1
38500,482299,135328,1
38600,434005,129858,1
38700,553629,160804,1
38800,441331,131084,1
38900,465325,130744,1
39000,456478,131189,1
39100,546475,160111,1
39200,455563,133317,1
39300,490671,135287,1
39400,487865,135716,1
39500,450073,136538,1
39600,453733,138850,1
39700,496849,139243,1
39800,483194,135701,1
39900,499273,137155,1
40000,472614,138964,1
40100,483131,136290,1
40200,481658,137157,1
40300,467482,137369,1
40400,493285,137412,1
40500,488048,141060,1
40600,493389,139406,1
40700,500293,139861,1
40800,489673,142204,1
40900,473395,140742,1
41000,482361,142559,1
41100,464778,140755,1
41200,506169,141363,1
41300,477711,141843,1
41400,483981,140214,1
41500,499971,142961,1
41600,481401,142703,1
41700,483183,143830,1
41800,470667,142312,1
41900,489936,141265,1
42000,498533,147686,1
42100,495380,146691,1
42200,521695,145010,1
42300,525512,148072,1
42400,501187,145557,1
42500,534277,146622,1
42600,518586,150562,1
42700,494498,146957,1
42800,490087,148417,1
42900,529532,150483,1
43000,505379,147189,1
43100,517046,146408,1
43200,492639,147339,1
43300,503555,145376,1
43400,521205,146082,1
43500,534444,150571,1
43600,495905,148017,1
43700,522177,149165,1
43800,510684,151774,1
43900,510449,148991,1
44000,518880,150464,1
44100,509232,150197,1
44200,536122,150287,1
44300,487771,149850,1
44400,502376,151638,1
44500,504584,153250,1
44600,496280,151540,1
44700,533526,150698,1
44800,529425,153527,1
44900,522965,153194,1
45000,532520,154655,1
45100,515804,151795,1
45200,552795,154977,1
45300,529355,154148,1
45400,526644,156615,1
45500,522194,153685,1
45600,570368,158491,1
45700,543691,154383,1
45800,518466,153020,1
45900,508134,155760,1
46000,537971,155685,1
46100,559899,157298,1
46200,520761,155284,1
46300,525473,157527,1
46400,528099,155637,1
46500,546926,156266,1
46600,563580,157487,1
46700,562413,157699,1
46800,540471,161580,1
46900,555246,159773,1
47000,541657,159529,1
47100,551100,162887,1
47200,529529,160218,1
47300,600729,164056,1
47400,572477,163352,1
47500,577293,158941,1
47600,550268,166056,1
47700,546769,164492,1
47800,551455,168041,1
47900,527672,162014,1
48000,567915,163947,1
48100,568307,163602,1
48200,598134,167065,1
48300,591372,168015,1
48400,556803,162227,1
48500,569010,163339,1
48600,556879,166051,1
48700,563781,168303,1
48800,559575,164106,1
48900,555471,162638,1
49000,581148,166545,1
49100,568954,166209,1
49200,598855,166483,1
49300,571969,167552,1
49400,588079,172115,1
49500,569941,170137,1
49600,601196,166528,1
49700,583006,167545,1
49800,583438,170013,1
49900,573180,169992,1
50000,603168,174220,1
