n,c,s,trial
1000,249500,1000,1
2000,999000,2000,1
3000,2248500,3000,1
4000,3998000,4000,1
5000,6247500,5000,1
6000,8997000,6000,1
7000,12246500,7000,1
8000,15996000,8000,1
9000,20245500,9000,1
10000,24995000,10000,1
11000,30244500,11000,1
12000,35994000,12000,1
13000,42243500,13000,1
14000,48993000,14000,1
15000,56242500,15000,1
16000,63992000,16000,1
17000,72241500,17000,1
18000,80991000,18000,1
19000,90240500,19000,1
20000,99990000,20000,1
21000,110239500,21000,1
22000,120989000,22000,1
23000,132238500,23000,1
24000,143988000,24000,1
25000,156237500,25000,1
26000,168987000,26000,1
27000,182236500,27000,1
28000,195986000,28000,1
29000,210235500,29000,1
30000,224985000,30000,1
31000,240234500,31000,1
32000,255984000,32000,1
33000,272233500,33000,1
34000,288983000,34000,1
35000,306232500,35000,1
36000,323982000,36000,1
37000,342231500,37000,1
38000,360981000,38000,1
39000,380230500,39000,1
40000,399980000,40000,1
41000,420229500,41000,1
42000,440979000,42000,1
43000,462228500,43000,1
44000,483978000,44000,1
45000,506227500,45000,1
46000,528977000,46000,1
47000,552226500,47000,1
48000,575976000,48000,1
49000,600225500,49000,1
50000,624975000,50000,1
1000,249500,1000,2
2000,999000,2000,2
3000,2248500,3000,2
4000,3998000,4000,2
5000,6247500,5000,2
6000,8997000,6000,2
7000,12246500,7000,2
8000,15996000,8000,2
9000,20245500,9000,2
10000,24995000,10000,2
11000,30244500,11000,2
12000,35994000,12000,2
13000,42243500,13000,2
14000,48993000,14000,2
15000,56242500,15000,2
16000,63992000,16000,2
17000,72241500,17000,2
18000,80991000,18000,2
19000,90240500,19000,2
20000,99990000,20000,2
21000,110239500,21000,2
22000,120989000,22000,2
23000,132238500,23000,2
24000,143988000,24000,2
25000,156237500,25000,2
26000,168987000,26000,2
27000,182236500,27000,2
28000,195986000,28000,2
29000,210235500,29000,2
30000,224985000,30000,2
31000,240234500,31000,2
32000,255984000,32000,2
33000,272233500,33000,2
34000,288983000,34000,2
35000,306232500,35000,2
36000,323982000,36000,2
37000,342231500,37000,2
38000,360981000,38000,2
39000,380230500,39000,2
40000,399980000,40000,2
41000,420229500,41000,2
42000,440979000,42000,2
43000,462228500,43000,2
44000,483978000,44000,2
45000,506227500,45000,2
46000,528977000,46000,2
47000,552226500,47000,2
48000,575976000,48000,2
49000,600225500,49000,2
50000,624975000,50000,2
1000,249500,1000,3
2000,999000,2000,3
3000,2248500,3000,3
4000,3998000,4000,3
5000,6247500,5000,3
6000,8997000,6000,3
7000,12246500,7000,3
8000,15996000,8000,3
9000,20245500,9000,3
10000,24995000,10000,3
11000,30244500,11000,3
12000,35994000,12000,3
13000,42243500,13000,3
14000,48993000,14000,3
15000,56242500,15000,3
16000,63992000,16000,3
17000,72241500,17000,3
18000,80991000,18000,3
19000,90240500,19000,3
20000,99990000,20000,3
21000,110239500,21000,3
22000,120989000,22000,3
23000,132238500,23000,3
24000,143988000,24000,3
25000,156237500,25000,3
26000,168987000,26000,3
27000,182236500,27000,3
28000,195986000,28000,3
29000,210235500,29000,3
30000,224985000,30000,3
31000,240234500,31000,3
32000,255984000,32000,3
33000,272233500,33000,3
34000,288983000,34000,3
35000,306232500,35000,3
36000,323982000,36000,3
37000,342231500,37000,3
38000,360981000,38000,3
39000,380230500,39000,3
40000,399980000,40000,3
41000,420229500,41000,3
42000,440979000,42000,3
43000,462228500,43000,3
44000,483978000,44000,3
45000,506227500,45000,3
46000,528977000,46000,3
47000,552226500,47000,3
48000,575976000,48000,3
49000,600225500,49000,3
50000,624975000,50000,3
1000,249500,1000,4
2000,999000,2000,4
3000,2248500,3000,4
4000,3998000,4000,4
5000,6247500,5000,4
6000,8997000,6000,4
7000,12246500,7000,4
8000,15996000,8000,4
9000,20245500,9000,4
10000,24995000,10000,4
11000,30244500,11000,4
12000,35994000,12000,4
13000,42243500,13000,4
14000,48993000,14000,4
15000,56242500,15000,4
16000,63992000,16000,4
17000,72241500,17000,4
18000,80991000,18000,4
19000,90240500,19000,4
20000,99990000,20000,4
21000,110239500,21000,4
22000,120989000,22000,4
23000,132238500,23000,4
24000,143988000,24000,4
25000,156237500,25000,4
26000,168987000,26000,4
27000,182236500,27000,4
28000,195986000,28000,4
29000,210235500,29000,4
30000,224985000,30000,4
31000,240234500,31000,4
32000,255984000,32000,4
33000,272233500,33000,4
34000,288983000,34000,4
35000,306232500,35000,4
36000,323982000,36000,4
37000,342231500,37000,4
38000,360981000,38000,4
39000,380230500,39000,4
40000,399980000,40000,4
41000,420229500,41000,4
42000,440979000,42000,4
43000,462228500,43000,4
44000,483978000,44000,4
45000,506227500,45000,4
46000,528977000,46000,4
47000,552226500,47000,4
48000,575976000,48000,4
49000,600225500,49000,4
50000,624975000,50000,4
1000,249500,1000,5
2000,999000,2000,5
3000,2248500,3000,5
4000,3998000,4000,5
5000,6247500,5000,5
6000,8997000,6000,5
7000,12246500,7000,5
8000,15996000,8000,5
9000,20245500,9000,5
10000,24995000,10000,5
11000,30244500,11000,5
12000,35994000,12000,5
13000,42243500,13000,5
14000,48993000,14000,5
15000,56242500,15000,5
16000,63992000,16000,5
17000,72241500,17000,5
18000,80991000,18000,5
19000,90240500,19000,5
20000,99990000,20000,5
21000,110239500,21000,5
22000,120989000,22000,5
23000,132238500,23000,5
24000,143988000,24000,5
25000,156237500,25000,5
26000,168987000,26000,5
27000,182236500,27000,5
28000,195986000,28000,5
29000,210235500,29000,5
30000,224985000,30000,5
31000,240234500,31000,5
32000,255984000,32000,5
33000,272233500,33000,5
34000,288983000,34000,5
35000,306232500,35000,5
36000,323982000,36000,5
37000,342231500,37000,5
38000,360981000,38000,5
39000,380230500,39000,5
40000,399980000,40000,5
41000,420229500,41000,5
42000,440979000,42000,5
43000,462228500,43000,5
44000,483978000,44000,5
45000,506227500,45000,5
46000,528977000,46000,5
47000,552226500,47000,5
48000,575976000,48000,5
49000,600225500,49000,5
50000,624975000,50000,5
1000,249500,1000,6
2000,999000,2000,6
3000,2248500,3000,6
4000,3998000,4000,6
5000,6247500,5000,6
6000,8997000,6000,6
7000,12246500,7000,6
8000,15996000,8000,6
9000,20245500,9000,6
10000,24995000,10000,6
11000,30244500,11000,6
12000,35994000,12000,6
13000,42243500,13000,6
14000,48993000,14000,6
15000,56242500,15000,6
16000,63992000,16000,6
17000,72241500,17000,6
18000,80991000,18000,6
19000,90240500,19000,6
20000,99990000,20000,6
21000,110239500,21000,6
22000,120989000,22000,6
23000,132238500,23000,6
24000,143988000,24000,6
25000,156237500,25000,6
26000,168987000,26000,6
27000,182236500,27000,6
28000,195986000,28000,6
29000,210235500,29000,6
30000,224985000,30000,6
31000,240234500,31000,6
32000,255984000,32000,6
33000,272233500,33000,6
34000,288983000,34000,6
35000,306232500,35000,6
36000,323982000,36000,6
37000,342231500,37000,6
38000,360981000,38000,6
39000,380230500,39000,6
40000,399980000,40000,6
41000,420229500,41000,6
42000,440979000,42000,6
43000,462228500,43000,6
44000,483978000,44000,6
45000,506227500,45000,6
46000,528977000,46000,6
47000,552226500,47000,6
48000,575976000,48000,6
49000,600225500,49000,6
50000,624975000,50000,6
1000,249500,1000,7
2000,999000,2000,7
3000,2248500,3000,7
4000,3998000,4000,7
5000,6247500,5000,7
6000,8997000,6000,7
7000,12246500,7000,7
8000,15996000,8000,7
9000,20245500,9000,7
10000,24995000,10000,7
11000,30244500,11000,7
12000,35994000,12000,7
13000,42243500,13000,7
14000,48993000,14000,7
15000,56242500,15000,7
16000,63992000,16000,7
17000,72241500,17000,7
18000,80991000,18000,7
19000,90240500,19000,7
20000,99990000,20000,7
21000,110239500,21000,7
22000,120989000,22000,7
23000,132238500,23000,7
24000,143988000,24000,7
25000,156237500,25000,7
26000,168987000,26000,7
27000,182236500,27000,7
28000,195986000,28000,7
29000,210235500,29000,7
30000,224985000,30000,7
31000,240234500,31000,7
32000,255984000,32000,7
33000,272233500,33000,7
34000,288983000,34000,7
35000,306232500,35000,7
36000,323982000,36000,7
37000,342231500,37000,7
38000,360981000,38000,7
39000,380230500,39000,7
40000,399980000,40000,7
41000,420229500,41000,7
42000,440979000,42000,7
43000,462228500,43000,7
44000,483978000,44000,7
45000,506227500,45000,7
46000,528977000,46000,7
47000,552226500,47000,7
48000,575976000,48000,7
49000,600225500,49000,7
50000,624975000,50000,7
1000,249500,1000,8
2000,999000,2000,8
3000,2248500,3000,8
4000,3998000,4000,8
5000,6247500,5000,8
6000,8997000,6000,8
7000,12246500,7000,8
8000,15996000,8000,8
9000,20245500,9000,8
10000,24995000,10000,8
11000,30244500,11000,8
12000,35994000,12000,8
13000,42243500,13000,8
14000,48993000,14000,8
15000,56242500,15000,8
16000,63992000,16000,8
17000,72241500,17000,8
18000,80991000,18000,8
19000,90240500,19000,8
20000,99990000,20000,8
21000,110239500,21000,8
22000,120989000,22000,8
23000,132238500,23000,8
24000,143988000,24000,8
25000,156237500,25000,8
26000,168987000,26000,8
27000,182236500,27000,8
28000,195986000,28000,8
29000,210235500,29000,8
30000,224985000,30000,8
31000,240234500,31000,8
32000,255984000,32000,8
33000,272233500,33000,8
34000,288983000,34000,8
35000,306232500,35000,8
36000,323982000,36000,8
37000,342231500,37000,8
38000,360981000,38000,8
39000,380230500,39000,8
40000,399980000,40000,8
41000,420229500,41000,8
42000,440979000,42000,8
43000,462228500,43000,8
44000,483978000,44000,8
45000,506227500,45000,8
46000,528977000,46000,8
47000,552226500,47000,8
48000,575976000,48000,8
49000,600225500,49000,8
50000,624975000,50000,8
1000,249500,1000,9
2000,999000,2000,9
3000,2248500,3000,9
4000,3998000,4000,9
5000,6247500,5000,9
6000,8997000,6000,9
7000,12246500,7000,9
8000,15996000,8000,9
9000,20245500,9000,9
10000,24995000,10000,9
11000,30244500,11000,9
12000,35994000,12000,9
13000,42243500,13000,9
14000,48993000,14000,9
15000,56242500,15000,9
16000,63992000,16000,9
17000,72241500,17000,9
18000,80991000,18000,9
19000,90240500,19000,9
20000,99990000,20000,9
21000,110239500,21000,9
22000,120989000,22000,9
23000,132238500,23000,9
24000,143988000,24000,9
25000,156237500,25000,9
26000,168987000,26000,9
27000,182236500,27000,9
28000,195986000,28000,9
29000,210235500,29000,9
30000,224985000,30000,9
31000,240234500,31000,9
32000,255984000,32000,9
33000,272233500,33000,9
34000,288983000,34000,9
35000,306232500,35000,9
36000,323982000,36000,9
37000,342231500,37000,9
38000,360981000,38000,9
39000,380230500,39000,9
40000,399980000,40000,9
41000,420229500,41000,9
42000,440979000,42000,9
43000,462228500,43000,9
44000,483978000,44000,9
45000,506227500,45000,9
46000,528977000,46000,9
47000,552226500,47000,9
48000,575976000,48000,9
49000,600225500,49000,9
50000,624975000,50000,9
1000,249500,1000,10
2000,999000,2000,10
3000,2248500,3000,10
4000,3998000,4000,10
5000,6247500,5000,10
6000,8997000,6000,10
7000,12246500,7000,10
8000,15996000,8000,10
9000,20245500,9000,10
10000,24995000,10000,10
11000,30244500,11000,10
12000,35994000,12000,10
13000,42243500,13000,10
14000,48993000,14000,10
15000,56242500,15000,10
16000,63992000,16000,10
17000,72241500,17000,10
18000,80991000,18000,10
19000,90240500,19000,10
20000,99990000,20000,10
21000,110239500,21000,10
22000,120989000,22000,10
23000,132238500,23000,10
24000,143988000,24000,10
25000,156237500,25000,10
26000,168987000,26000,10
27000,182236500,27000,10
28000,195986000,28000,10
29000,210235500,29000,10
30000,224985000,30000,10
31000,240234500,31000,10
32000,255984000,32000,10
33000,272233500,33000,10
34000,288983000,34000,10
35000,306232500,35000,10
36000,323982000,36000,10
37000,342231500,37000,10
38000,360981000,38000,10
39000,380230500,39000,10
40000,399980000,40000,10
41000,420229500,41000,10
42000,440979000,42000,10
43000,462228500,43000,10
44000,483978000,44000,10
45000,506227500,45000,10
46000,528977000,46000,10
47000,552226500,47000,10
48000,575976000,48000,10
49000,600225500,49000,10
50000,624975000,50000,10
