n,c,s,trial
1000,5051,5051,1
2000,11112,11112,1
3000,17278,17278,1
4000,24209,24209,1
5000,30546,30546,1
6000,37579,37579,1
7000,44545,44545,1
8000,52316,52316,1
9000,58929,58929,1
10000,65982,65982,1
11000,73131,73131,1
12000,81113,81113,1
13000,88486,88486,1
14000,96143,96143,1
15000,104129,104129,1
16000,112783,112783,1
17000,120001,120001,1
18000,126970,126970,1
19000,134181,134181,1
20000,142044,142044,1
21000,149788,149788,1
22000,157457,157457,1
23000,165573,165573,1
24000,174293,174293,1
25000,182415,182415,1
26000,189853,189853,1
27000,197933,197933,1
28000,206307,206307,1
29000,214987,214987,1
30000,223307,223307,1
31000,232219,232219,1
32000,241587,241587,1
33000,250683,250683,1
34000,257175,257175,1
35000,264398,264398,1
36000,271825,271825,1
37000,279919,279919,1
38000,287293,287293,1
39000,295478,295478,1
40000,304022,304022,1
41000,313169,313169,1
42000,320391,320391,1
43000,328670,328670,1
44000,336955,336955,1
45000,346108,346108,1
46000,354197,354197,1
47000,363454,363454,1
48000,372497,372497,1
49000,382648,382648,1
50000,389983,389983,1
1000,5054,5054,2
2000,11107,11107,2
3000,17261,17261,2
4000,24202,24202,2
5000,30477,30477,2
6000,37552,37552,2
7000,44567,44567,2
8000,52438,52438,2
9000,58956,58956,2
10000,65969,65969,2
11000,73254,73254,2
12000,81150,81150,2
13000,88469,88469,2
14000,96163,96163,2
15000,104141,104141,2
16000,112768,112768,2
17000,120057,120057,2
18000,126943,126943,2
19000,134217,134217,2
20000,141946,141946,2
21000,149817,149817,2
22000,157469,157469,2
23000,165594,165594,2
24000,174276,174276,2
25000,182568,182568,2
26000,190014,190014,2
27000,197942,197942,2
28000,206255,206255,2
29000,214943,214943,2
30000,223352,223352,2
31000,232335,232335,2
32000,241566,241566,2
33000,250736,250736,2
34000,257228,257228,2
35000,264426,264426,2
36000,271889,271889,2
37000,280025,280025,2
38000,287461,287461,2
39000,295773,295773,2
40000,303965,303965,2
41000,313066,313066,2
42000,320469,320469,2
43000,328803,328803,2
44000,336758,336758,2
45000,346023,346023,2
46000,354311,354311,2
47000,363307,363307,2
48000,372500,372500,2
49000,382653,382653,2
50000,390104,390104,2
1000,5054,5054,3
2000,11078,11078,3
3000,17279,17279,3
4000,24196,24196,3
5000,30502,30502,3
6000,37549,37549,3
7000,44542,44542,3
8000,52397,52397,3
9000,58936,58936,3
10000,65982,65982,3
11000,73181,73181,3
12000,81173,81173,3
13000,88463,88463,3
14000,95993,95993,3
15000,104111,104111,3
16000,112849,112849,3
17000,120000,120000,3
18000,127002,127002,3
19000,134172,134172,3
20000,142004,142004,3
21000,149738,149738,3
22000,157380,157380,3
23000,165633,165633,3
24000,174303,174303,3
25000,182549,182549,3
26000,189998,189998,3
27000,197850,197850,3
28000,206290,206290,3
29000,214915,214915,3
30000,223294,223294,3
31000,232244,232244,3
32000,241675,241675,3
33000,250754,250754,3
34000,257087,257087,3
35000,264355,264355,3
36000,271887,271887,3
37000,279974,279974,3
38000,287331,287331,3
39000,295625,295625,3
40000,304106,304106,3
41000,313236,313236,3
42000,320465,320465,3
43000,328789,328789,3
44000,336836,336836,3
45000,345999,345999,3
46000,354232,354232,3
47000,363277,363277,3
48000,372570,372570,3
49000,382475,382475,3
50000,390170,390170,3
1000,5050,5050,4
2000,11112,11112,4
3000,17300,17300,4
4000,24186,24186,4
5000,30517,30517,4
6000,37554,37554,4
7000,44541,44541,4
8000,52388,52388,4
9000,58944,58944,4
10000,66014,66014,4
11000,73229,73229,4
12000,81130,81130,4
13000,88447,88447,4
14000,96143,96143,4
15000,104137,104137,4
16000,112799,112799,4
17000,119998,119998,4
18000,126975,126975,4
19000,134160,134160,4
20000,142051,142051,4
21000,149759,149759,4
22000,157411,157411,4
23000,165567,165567,4
24000,174205,174205,4
25000,182507,182507,4
26000,189981,189981,4
27000,197931,197931,4
28000,206296,206296,4
29000,215020,215020,4
30000,223249,223249,4
31000,232339,232339,4
32000,241651,241651,4
33000,250639,250639,4
34000,257218,257218,4
35000,264445,264445,4
36000,271831,271831,4
37000,279927,279927,4
38000,287333,287333,4
39000,295607,295607,4
40000,303962,303962,4
41000,313183,313183,4
42000,320521,320521,4
43000,328610,328610,4
44000,336869,336869,4
45000,345921,345921,4
46000,354239,354239,4
47000,363314,363314,4
48000,372580,372580,4
49000,382558,382558,4
50000,390019,390019,4
1000,5052,5052,5
2000,11128,11128,5
3000,17291,17291,5
4000,24200,24200,5
5000,30515,30515,5
6000,37598,37598,5
7000,44527,44527,5
8000,52377,52377,5
9000,58984,58984,5
10000,65995,65995,5
11000,73163,73163,5
12000,81115,81115,5
13000,88395,88395,5
14000,96082,96082,5
15000,104132,104132,5
16000,112716,112716,5
17000,120070,120070,5
18000,126910,126910,5
19000,134209,134209,5
20000,142005,142005,5
21000,149712,149712,5
22000,157463,157463,5
23000,165579,165579,5
24000,174266,174266,5
25000,182405,182405,5
26000,189904,189904,5
27000,197983,197983,5
28000,206255,206255,5
29000,214950,214950,5
30000,223132,223132,5
31000,232374,232374,5
32000,241648,241648,5
33000,250705,250705,5
34000,257068,257068,5
35000,264448,264448,5
36000,271846,271846,5
37000,279999,279999,5
38000,287237,287237,5
39000,295749,295749,5
40000,304062,304062,5
41000,313086,313086,5
42000,320448,320448,5
43000,328639,328639,5
44000,336772,336772,5
45000,346142,346142,5
46000,354157,354157,5
47000,363327,363327,5
48000,372640,372640,5
49000,382605,382605,5
50000,390058,390058,5
1000,5020,5020,6
2000,11085,11085,6
3000,17273,17273,6
4000,24192,24192,6
5000,30483,30483,6
6000,37528,37528,6
7000,44565,44565,6
8000,52360,52360,6
9000,58964,58964,6
10000,65990,65990,6
11000,73133,73133,6
12000,81066,81066,6
13000,88536,88536,6
14000,96086,96086,6
15000,104115,104115,6
16000,112873,112873,6
17000,120001,120001,6
18000,126941,126941,6
19000,134126,134126,6
20000,142007,142007,6
21000,149754,149754,6
22000,157366,157366,6
23000,165619,165619,6
24000,174374,174374,6
25000,182518,182518,6
26000,189972,189972,6
27000,198098,198098,6
28000,206248,206248,6
29000,214965,214965,6
30000,223236,223236,6
31000,232372,232372,6
32000,241618,241618,6
33000,250718,250718,6
34000,257139,257139,6
35000,264430,264430,6
36000,271843,271843,6
37000,279960,279960,6
38000,287300,287300,6
39000,295740,295740,6
40000,304087,304087,6
41000,313200,313200,6
42000,320398,320398,6
43000,328700,328700,6
44000,336873,336873,6
45000,346081,346081,6
46000,354252,354252,6
47000,363318,363318,6
48000,372520,372520,6
49000,382547,382547,6
50000,390071,390071,6
1000,5056,5056,7
2000,11096,11096,7
3000,17259,17259,7
4000,24220,24220,7
5000,30534,30534,7
6000,37547,37547,7
7000,44561,44561,7
8000,52402,52402,7
9000,58912,58912,7
10000,66032,66032,7
11000,73247,73247,7
12000,81072,81072,7
13000,88449,88449,7
14000,96112,96112,7
15000,104136,104136,7
16000,112872,112872,7
17000,120098,120098,7
18000,126956,126956,7
19000,134201,134201,7
20000,141917,141917,7
21000,149686,149686,7
22000,157435,157435,7
23000,165656,165656,7
24000,174145,174145,7
25000,182576,182576,7
26000,189940,189940,7
27000,197945,197945,7
28000,206250,206250,7
29000,214960,214960,7
30000,223303,223303,7
31000,232298,232298,7
32000,241544,241544,7
33000,250609,250609,7
34000,257181,257181,7
35000,264455,264455,7
36000,271764,271764,7
37000,279837,279837,7
38000,287490,287490,7
39000,295639,295639,7
40000,303945,303945,7
41000,313109,313109,7
42000,320552,320552,7
43000,328681,328681,7
44000,336897,336897,7
45000,346089,346089,7
46000,354195,354195,7
47000,363345,363345,7
48000,372434,372434,7
49000,382677,382677,7
50000,390060,390060,7
1000,5067,5067,8
2000,11097,11097,8
3000,17302,17302,8
4000,24223,24223,8
5000,30493,30493,8
6000,37604,37604,8
7000,44556,44556,8
8000,52407,52407,8
9000,58984,58984,8
10000,66026,66026,8
11000,73185,73185,8
12000,81166,81166,8
13000,88452,88452,8
14000,96154,96154,8
15000,104127,104127,8
16000,112909,112909,8
17000,120053,120053,8
18000,126941,126941,8
19000,134222,134222,8
20000,141967,141967,8
21000,149658,149658,8
22000,157376,157376,8
23000,165660,165660,8
24000,174345,174345,8
25000,182505,182505,8
26000,190010,190010,8
27000,197943,197943,8
28000,206258,206258,8
29000,215043,215043,8
30000,223173,223173,8
31000,232267,232267,8
32000,241608,241608,8
33000,250597,250597,8
34000,257084,257084,8
35000,264379,264379,8
36000,271827,271827,8
37000,279974,279974,8
38000,287428,287428,8
39000,295509,295509,8
40000,304105,304105,8
41000,313219,313219,8
42000,320444,320444,8
43000,328679,328679,8
44000,336881,336881,8
45000,345971,345971,8
46000,354194,354194,8
47000,363348,363348,8
48000,372485,372485,8
49000,382679,382679,8
50000,390099,390099,8
1000,5051,5051,9
2000,11099,11099,9
3000,17287,17287,9
4000,24213,24213,9
5000,30463,30463,9
6000,37558,37558,9
7000,44572,44572,9
8000,52421,52421,9
9000,58950,58950,9
10000,65970,65970,9
11000,73231,73231,9
12000,81184,81184,9
13000,88427,88427,9
14000,96194,96194,9
15000,104147,104147,9
16000,112754,112754,9
17000,120091,120091,9
18000,126895,126895,9
19000,134235,134235,9
20000,142026,142026,9
21000,149715,149715,9
22000,157363,157363,9
23000,165555,165555,9
24000,174325,174325,9
25000,182448,182448,9
26000,189957,189957,9
27000,197897,197897,9
28000,206237,206237,9
29000,214941,214941,9
30000,223320,223320,9
31000,232195,232195,9
32000,241537,241537,9
33000,250742,250742,9
34000,257107,257107,9
35000,264457,264457,9
36000,271895,271895,9
37000,279983,279983,9
38000,287385,287385,9
39000,295552,295552,9
40000,304040,304040,9
41000,313214,313214,9
42000,320556,320556,9
43000,328863,328863,9
44000,336849,336849,9
45000,346033,346033,9
46000,354292,354292,9
47000,363211,363211,9
48000,372654,372654,9
49000,382488,382488,9
50000,389975,389975,9
1000,5052,5052,10
2000,11117,11117,10
3000,17277,17277,10
4000,24205,24205,10
5000,30445,30445,10
6000,37602,37602,10
7000,44547,44547,10
8000,52429,52429,10
9000,59009,59009,10
10000,66029,66029,10
11000,73150,73150,10
12000,81110,81110,10
13000,88453,88453,10
14000,96159,96159,10
15000,104157,104157,10
16000,112770,112770,10
17000,120134,120134,10
18000,126931,126931,10
19000,134193,134193,10
20000,142079,142079,10
21000,149798,149798,10
22000,157438,157438,10
23000,165638,165638,10
24000,174262,174262,10
25000,182540,182540,10
26000,189948,189948,10
27000,197865,197865,10
28000,206296,206296,10
29000,214994,214994,10
30000,223289,223289,10
31000,232342,232342,10
32000,241604,241604,10
33000,250683,250683,10
34000,257167,257167,10
35000,264420,264420,10
36000,271818,271818,10
37000,279935,279935,10
38000,287361,287361,10
39000,295776,295776,10
40000,304091,304091,10
41000,313149,313149,10
42000,320508,320508,10
43000,328816,328816,10
44000,336835,336835,10
45000,346057,346057,10
46000,354244,354244,10
47000,363400,363400,10
48000,372555,372555,10
49000,382598,382598,10
50000,390236,390236,10
