n,c,s,trial
1000,5044,5044,1
2000,11088,11088,1
3000,18076,18076,1
4000,24176,24176,1
5000,32004,32004,1
6000,39152,39152,1
7000,46180,46180,1
8000,52352,52352,1
9000,60796,60796,1
10000,69008,69008,1
11000,77012,77012,1
12000,84304,84304,1
13000,92036,92036,1
14000,99360,99360,1
15000,106364,106364,1
16000,112704,112704,1
17000,121188,121188,1
18000,130592,130592,1
19000,139580,139580,1
20000,148016,148016,1
21000,156508,156508,1
22000,165024,165024,1
23000,173052,173052,1
24000,180608,180608,1
25000,188476,188476,1
26000,197072,197072,1
27000,205068,205068,1
28000,212720,212720,1
29000,220044,220044,1
30000,227728,227728,1
31000,234708,234708,1
32000,241408,241408,1
33000,248588,248588,1
34000,259376,259376,1
35000,269364,269364,1
36000,279184,279184,1
37000,288292,288292,1
38000,298160,298160,1
39000,307140,307140,1
40000,316032,316032,1
41000,324084,324084,1
42000,334016,334016,1
43000,342996,342996,1
44000,352048,352048,1
45000,360124,360124,1
46000,369104,369104,1
47000,377212,377212,1
48000,385216,385216,1
49000,392388,392388,1
50000,401952,401952,1
1000,5044,5044,2
2000,11088,11088,2
3000,18076,18076,2
4000,24176,24176,2
5000,32004,32004,2
6000,39152,39152,2
7000,46180,46180,2
8000,52352,52352,2
9000,60796,60796,2
10000,69008,69008,2
11000,77012,77012,2
12000,84304,84304,2
13000,92036,92036,2
14000,99360,99360,2
15000,106364,106364,2
16000,112704,112704,2
17000,121188,121188,2
18000,130592,130592,2
19000,139580,139580,2
20000,148016,148016,2
21000,156508,156508,2
22000,165024,165024,2
23000,173052,173052,2
24000,180608,180608,2
25000,188476,188476,2
26000,197072,197072,2
27000,205068,205068,2
28000,212720,212720,2
29000,220044,220044,2
30000,227728,227728,2
31000,234708,234708,2
32000,241408,241408,2
33000,248588,248588,2
34000,259376,259376,2
35000,269364,269364,2
36000,279184,279184,2
37000,288292,288292,2
38000,298160,298160,2
39000,307140,307140,2
40000,316032,316032,2
41000,324084,324084,2
42000,334016,334016,2
43000,342996,342996,2
44000,352048,352048,2
45000,360124,360124,2
46000,369104,369104,2
47000,377212,377212,2
48000,385216,385216,2
49000,392388,392388,2
50000,401952,401952,2
1000,5044,5044,3
2000,11088,11088,3
3000,18076,18076,3
4000,24176,24176,3
5000,32004,32004,3
6000,39152,39152,3
7000,46180,46180,3
8000,52352,52352,3
9000,60796,60796,3
10000,69008,69008,3
11000,77012,77012,3
12000,84304,84304,3
13000,92036,92036,3
14000,99360,99360,3
15000,106364,106364,3
16000,112704,112704,3
17000,121188,121188,3
18000,130592,130592,3
19000,139580,139580,3
20000,148016,148016,3
21000,156508,156508,3
22000,165024,165024,3
23000,173052,173052,3
24000,180608,180608,3
25000,188476,188476,3
26000,197072,197072,3
27000,205068,205068,3
28000,212720,212720,3
29000,220044,220044,3
30000,227728,227728,3
31000,234708,234708,3
32000,241408,241408,3
33000,248588,248588,3
34000,259376,259376,3
35000,269364,269364,3
36000,279184,279184,3
37000,288292,288292,3
38000,298160,298160,3
39000,307140,307140,3
40000,316032,316032,3
41000,324084,324084,3
42000,334016,334016,3
43000,342996,342996,3
44000,352048,352048,3
45000,360124,360124,3
46000,369104,369104,3
47000,377212,377212,3
48000,385216,385216,3
49000,392388,392388,3
50000,401952,401952,3
1000,5044,5044,4
2000,11088,11088,4
3000,18076,18076,4
4000,24176,24176,4
5000,32004,32004,4
6000,39152,39152,4
7000,46180,46180,4
8000,52352,52352,4
9000,60796,60796,4
10000,69008,69008,4
11000,77012,77012,4
12000,84304,84304,4
13000,92036,92036,4
14000,99360,99360,4
15000,106364,106364,4
16000,112704,112704,4
17000,121188,121188,4
18000,130592,130592,4
19000,139580,139580,4
20000,148016,148016,4
21000,156508,156508,4
22000,165024,165024,4
23000,173052,173052,4
24000,180608,180608,4
25000,188476,188476,4
26000,197072,197072,4
27000,205068,205068,4
28000,212720,212720,4
29000,220044,220044,4
30000,227728,227728,4
31000,234708,234708,4
32000,241408,241408,4
33000,248588,248588,4
34000,259376,259376,4
35000,269364,269364,4
36000,279184,279184,4
37000,288292,288292,4
38000,298160,298160,4
39000,307140,307140,4
40000,316032,316032,4
41000,324084,324084,4
42000,334016,334016,4
43000,342996,342996,4
44000,352048,352048,4
45000,360124,360124,4
46000,369104,369104,4
47000,377212,377212,4
48000,385216,385216,4
49000,392388,392388,4
50000,401952,401952,4
1000,5044,5044,5
2000,11088,11088,5
3000,18076,18076,5
4000,24176,24176,5
5000,32004,32004,5
6000,39152,39152,5
7000,46180,46180,5
8000,52352,52352,5
9000,60796,60796,5
10000,69008,69008,5
11000,77012,77012,5
12000,84304,84304,5
13000,92036,92036,5
14000,99360,99360,5
15000,106364,106364,5
16000,112704,112704,5
17000,121188,121188,5
18000,130592,130592,5
19000,139580,139580,5
20000,148016,148016,5
21000,156508,156508,5
22000,165024,165024,5
23000,173052,173052,5
24000,180608,180608,5
25000,188476,188476,5
26000,197072,197072,5
27000,205068,205068,5
28000,212720,212720,5
29000,220044,220044,5
30000,227728,227728,5
31000,234708,234708,5
32000,241408,241408,5
33000,248588,248588,5
34000,259376,259376,5
35000,269364,269364,5
36000,279184,279184,5
37000,288292,288292,5
38000,298160,298160,5
39000,307140,307140,5
40000,316032,316032,5
41000,324084,324084,5
42000,334016,334016,5
43000,342996,342996,5
44000,352048,352048,5
45000,360124,360124,5
46000,369104,369104,5
47000,377212,377212,5
48000,385216,385216,5
49000,392388,392388,5
50000,401952,401952,5
1000,5044,5044,6
2000,11088,11088,6
3000,18076,18076,6
4000,24176,24176,6
5000,32004,32004,6
6000,39152,39152,6
7000,46180,46180,6
8000,52352,52352,6
9000,60796,60796,6
10000,69008,69008,6
11000,77012,77012,6
12000,84304,84304,6
13000,92036,92036,6
14000,99360,99360,6
15000,106364,106364,6
16000,112704,112704,6
17000,121188,121188,6
18000,130592,130592,6
19000,139580,139580,6
20000,148016,148016,6
21000,156508,156508,6
22000,165024,165024,6
23000,173052,173052,6
24000,180608,180608,6
25000,188476,188476,6
26000,197072,197072,6
27000,205068,205068,6
28000,212720,212720,6
29000,220044,220044,6
30000,227728,227728,6
31000,234708,234708,6
32000,241408,241408,6
33000,248588,248588,6
34000,259376,259376,6
35000,269364,269364,6
36000,279184,279184,6
37000,288292,288292,6
38000,298160,298160,6
39000,307140,307140,6
40000,316032,316032,6
41000,324084,324084,6
42000,334016,334016,6
43000,342996,342996,6
44000,352048,352048,6
45000,360124,360124,6
46000,369104,369104,6
47000,377212,377212,6
48000,385216,385216,6
49000,392388,392388,6
50000,401952,401952,6
1000,5044,5044,7
2000,11088,11088,7
3000,18076,18076,7
4000,24176,24176,7
5000,32004,32004,7
6000,39152,39152,7
7000,46180,46180,7
8000,52352,52352,7
9000,60796,60796,7
10000,69008,69008,7
11000,77012,77012,7
12000,84304,84304,7
13000,92036,92036,7
14000,99360,99360,7
15000,106364,106364,7
16000,112704,112704,7
17000,121188,121188,7
18000,130592,130592,7
19000,139580,139580,7
20000,148016,148016,7
21000,156508,156508,7
22000,165024,165024,7
23000,173052,173052,7
24000,180608,180608,7
25000,188476,188476,7
26000,197072,197072,7
27000,205068,205068,7
28000,212720,212720,7
29000,220044,220044,7
30000,227728,227728,7
31000,234708,234708,7
32000,241408,241408,7
33000,248588,248588,7
34000,259376,259376,7
35000,269364,269364,7
36000,279184,279184,7
37000,288292,288292,7
38000,298160,298160,7
39000,307140,307140,7
40000,316032,316032,7
41000,324084,324084,7
42000,334016,334016,7
43000,342996,342996,7
44000,352048,352048,7
45000,360124,360124,7
46000,369104,369104,7
47000,377212,377212,7
48000,385216,385216,7
49000,392388,392388,7
50000,401952,401952,7
1000,5044,5044,8
2000,11088,11088,8
3000,18076,18076,8
4000,24176,24176,8
5000,32004,32004,8
6000,39152,39152,8
7000,46180,46180,8
8000,52352,52352,8
9000,60796,60796,8
10000,69008,69008,8
11000,77012,77012,8
12000,84304,84304,8
13000,92036,92036,8
14000,99360,99360,8
15000,106364,106364,8
16000,112704,112704,8
17000,121188,121188,8
18000,130592,130592,8
19000,139580,139580,8
20000,148016,148016,8
21000,156508,156508,8
22000,165024,165024,8
23000,173052,173052,8
24000,180608,180608,8
25000,188476,188476,8
26000,197072,197072,8
27000,205068,205068,8
28000,212720,212720,8
29000,220044,220044,8
30000,227728,227728,8
31000,234708,234708,8
32000,241408,241408,8
33000,248588,248588,8
34000,259376,259376,8
35000,269364,269364,8
36000,279184,279184,8
37000,288292,288292,8
38000,298160,298160,8
39000,307140,307140,8
40000,316032,316032,8
41000,324084,324084,8
42000,334016,334016,8
43000,342996,342996,8
44000,352048,352048,8
45000,360124,360124,8
46000,369104,369104,8
47000,377212,377212,8
48000,385216,385216,8
49000,392388,392388,8
50000,401952,401952,8
1000,5044,5044,9
2000,11088,11088,9
3000,18076,18076,9
4000,24176,24176,9
5000,32004,32004,9
6000,39152,39152,9
7000,46180,46180,9
8000,52352,52352,9
9000,60796,60796,9
10000,69008,69008,9
11000,77012,77012,9
12000,84304,84304,9
13000,92036,92036,9
14000,99360,99360,9
15000,106364,106364,9
16000,112704,112704,9
17000,121188,121188,9
18000,130592,130592,9
19000,139580,139580,9
20000,148016,148016,9
21000,156508,156508,9
22000,165024,165024,9
23000,173052,173052,9
24000,180608,180608,9
25000,188476,188476,9
26000,197072,197072,9
27000,205068,205068,9
28000,212720,212720,9
29000,220044,220044,9
30000,227728,227728,9
31000,234708,234708,9
32000,241408,241408,9
33000,248588,248588,9
34000,259376,259376,9
35000,269364,269364,9
36000,279184,279184,9
37000,288292,288292,9
38000,298160,298160,9
39000,307140,307140,9
40000,316032,316032,9
41000,324084,324084,9
42000,334016,334016,9
43000,342996,342996,9
44000,352048,352048,9
45000,360124,360124,9
46000,369104,369104,9
47000,377212,377212,9
48000,385216,385216,9
49000,392388,392388,9
50000,401952,401952,9
1000,5044,5044,10
2000,11088,11088,10
3000,18076,18076,10
4000,24176,24176,10
5000,32004,32004,10
6000,39152,39152,10
7000,46180,46180,10
8000,52352,52352,10
9000,60796,60796,10
10000,69008,69008,10
11000,77012,77012,10
12000,84304,84304,10
13000,92036,92036,10
14000,99360,99360,10
15000,106364,106364,10
16000,112704,112704,10
17000,121188,121188,10
18000,130592,130592,10
19000,139580,139580,10
20000,148016,148016,10
21000,156508,156508,10
22000,165024,165024,10
23000,173052,173052,10
24000,180608,180608,10
25000,188476,188476,10
26000,197072,197072,10
27000,205068,205068,10
28000,212720,212720,10
29000,220044,220044,10
30000,227728,227728,10
31000,234708,234708,10
32000,241408,241408,10
33000,248588,248588,10
34000,259376,259376,10
35000,269364,269364,10
36000,279184,279184,10
37000,288292,288292,10
38000,298160,298160,10
39000,307140,307140,10
40000,316032,316032,10
41000,324084,324084,10
42000,334016,334016,10
43000,342996,342996,10
44000,352048,352048,10
45000,360124,360124,10
46000,369104,369104,10
47000,377212,377212,10
48000,385216,385216,10
49000,392388,392388,10
50000,401952,401952,10
