n,c,s,trial
1000,400710,205711,1
2000,1579791,808010,1
3000,3645604,1866650,1
4000,6443181,3301907,1
5000,10060812,5148190,1
6000,14533576,7440052,1
7000,19574186,10017395,1
8000,25849047,13240745,1
9000,32195275,16467827,1
10000,40446743,20737812,1
11000,48906249,25086787,1
12000,57502976,29398615,1
13000,67873926,34735455,1
14000,79021902,40513189,1
15000,91376267,46729096,1
16000,103125196,52851078,1
17000,117254586,60135848,1
18000,130847867,67065279,1
19000,146180120,74789406,1
20000,162240168,82959000,1
21000,177960861,91194750,1
22000,194158363,99515362,1
23000,214362715,109836950,1
24000,231135874,118259208,1
25000,254096514,130050395,1
26000,272981111,139907946,1
27000,293887062,150308739,1
28000,317249046,162522698,1
29000,337148219,172659494,1
30000,363004224,185775865,1
31000,384824192,196919864,1
32000,413292309,211733070,1
33000,441212039,225943276,1
34000,467928752,239526306,1
35000,497469402,254918570,1
36000,525057285,268762940,1
37000,553306937,283387938,1
38000,582499193,298208772,1
39000,613070603,314040104,1
40000,646713131,331217673,1
41000,678624568,347951225,1
42000,711872103,364928548,1
43000,749055541,383265495,1
44000,781792660,400171677,1
45000,816233184,417896757,1
46000,852902131,437096794,1
47000,889106512,455350002,1
48000,931728119,476987938,1
49000,973050503,497569741,1
50000,1015275302,519848485,1
1000,415998,212786,2
2000,1638417,834496,2
3000,3616525,1850274,2
4000,6499186,3317576,2
5000,10085191,5170222,2
6000,14391772,7331581,2
7000,19791820,10157656,2
8000,25943185,13296543,2
9000,32277556,16535893,2
10000,40302743,20593446,2
11000,49181154,25174369,2
12000,57720107,29541048,2
13000,68638117,35184548,2
14000,78390826,40203588,2
15000,90809236,46536136,2
16000,104179812,53406571,2
17000,115954859,59432993,2
18000,130766237,66947484,2
19000,145004208,74332853,2
20000,161216096,82412047,2
21000,177258700,90854856,2
22000,194331258,99422047,2
23000,212725091,109085973,2
24000,231940120,118695547,2
25000,253083360,129506604,2
26000,272824872,139788201,2
27000,292287973,149864839,2
28000,316877161,162394185,2
29000,341935574,174919002,2
30000,363718216,186080477,2
31000,387758512,198548832,2
32000,412950030,211328237,2
33000,437546931,224020238,2
34000,464467840,238211153,2
35000,492780563,253028142,2
36000,522512801,267776661,2
37000,550566491,281997749,2
38000,580995501,297820740,2
39000,613102171,314194837,2
40000,641053635,328424169,2
41000,677687326,347150892,2
42000,712936382,365142988,2
43000,748981065,383031230,2
44000,784989806,401785762,2
45000,817859649,418843878,2
46000,848036123,434589147,2
47000,888743304,455391355,2
48000,924826593,474625824,2
49000,964933005,493830767,2
50000,1011634426,517265487,2
1000,398742,204495,3
2000,1645436,838918,3
3000,3529621,1804291,3
4000,6479339,3317845,3
5000,9920967,5066491,3
6000,14356213,7368562,3
7000,19656714,10075907,3
8000,25864999,13197623,3
9000,32798485,16790152,3
10000,40647190,20758153,3
11000,48988220,25005861,3
12000,58344014,29871870,3
13000,67890629,34809141,3
14000,78842571,40497603,3
15000,91776516,47073853,3
16000,103602931,53151421,3
17000,117020183,59883377,3
18000,130367317,66979453,3
19000,145553392,74476271,3
20000,161052196,82420727,3
21000,178908421,91452947,3
22000,195352072,100048501,3
23000,212448674,108912217,3
24000,232354670,118889331,3
25000,251889276,128753150,3
26000,273951834,140328781,3
27000,292953721,150099910,3
28000,318120577,163049341,3
29000,342383041,175356651,3
30000,361866585,185485447,3
31000,385011294,197433588,3
32000,414320564,212384370,3
33000,440328571,225371185,3
34000,464975154,238032526,3
35000,495025294,253738853,3
36000,523227374,267862016,3
37000,548330789,281507757,3
38000,581287151,297382414,3
39000,611991125,313664512,3
40000,646055252,330574910,3
41000,675855056,346109458,3
42000,709496254,363399981,3
43000,742356992,380350739,3
44000,778828257,399152377,3
45000,815414527,417653553,3
46000,857110055,438839596,3
47000,889825790,456223114,3
48000,931569196,477823956,3
49000,967601932,496247330,3
50000,1012382059,518927230,3
1000,418335,213318,4
2000,1621134,828914,4
3000,3622419,1858819,4
4000,6495695,3346173,4
5000,9939845,5095092,4
6000,14657799,7490604,4
7000,19912007,10191579,4
8000,25802270,13191016,4
9000,32710280,16746621,4
10000,39945134,20493573,4
11000,48787459,24925844,4
12000,58002602,29778772,4
13000,68759506,35176834,4
14000,79136503,40540240,4
15000,89929490,46021597,4
16000,103468885,52968478,4
17000,116035729,59437920,4
18000,129919103,66776290,4
19000,144840340,74381710,4
20000,161280086,82454453,4
21000,178569367,91376487,4
22000,196115605,100356733,4
23000,213646520,109478838,4
24000,233395269,119712975,4
25000,253559043,129538915,4
26000,272752040,139797202,4
27000,296551118,151718598,4
28000,316194351,161917093,4
29000,337531962,172685464,4
30000,362298697,185352650,4
31000,389495844,199419342,4
32000,411040299,210405038,4
33000,437320523,224019839,4
34000,465844509,238720013,4
35000,493705162,253167332,4
36000,520097060,266459287,4
37000,550145149,282292999,4
38000,584131218,298795505,4
39000,611359684,312793500,4
40000,644441648,329642626,4
41000,679430071,348546000,4
42000,711616843,364113559,4
43000,749986801,384373376,4
44000,786196620,402597489,4
45000,815328526,417736868,4
46000,852437614,436403204,4
47000,890959184,456594456,4
48000,926894746,474305747,4
49000,969199383,496068802,4
50000,1003021335,514152066,4
1000,410512,208862,5
2000,1570325,810086,5
3000,3665605,1872400,5
4000,6446166,3303459,5
5000,10039385,5166443,5
6000,14300635,7322082,5
7000,19678498,10055951,5
8000,26024823,13332576,5
9000,32488113,16629782,5
10000,40634734,20881925,5
11000,48849342,24966303,5
12000,57724475,29549724,5
13000,68743033,35110180,5
14000,78896416,40404734,5
15000,90214663,46107303,5
16000,102713652,52596170,5
17000,116558392,59729102,5
18000,131446617,67229136,5
19000,144561420,73936967,5
20000,161097631,82456423,5
21000,179053726,91863076,5
22000,195081957,99741348,5
23000,213398578,109582287,5
24000,232855015,119257564,5
25000,251396412,128760060,5
26000,270298427,138553619,5
27000,296432410,151602262,5
28000,316556649,162059993,5
29000,337654236,172719058,5
30000,362997143,185675952,5
31000,387972254,198838508,5
32000,412761815,211298606,5
33000,441112825,225999488,5
34000,466615192,238857713,5
35000,496986130,254526908,5
36000,522636653,267567338,5
37000,552013774,282911507,5
38000,586441251,300647256,5
39000,615505863,315451698,5
40000,644518270,330070112,5
41000,677392764,347145636,5
42000,711255571,364125473,5
43000,745432811,382163053,5
44000,783487234,400837436,5
45000,819005955,419606975,5
46000,852908042,436342603,5
47000,894966995,459091530,5
48000,932059730,477188951,5
49000,972189997,497868088,5
50000,1009017096,516178600,5
1000,408348,209428,6
2000,1611714,823905,6
3000,3703897,1885252,6
4000,6538890,3358636,6
5000,10126369,5195344,6
6000,14739193,7588086,6
7000,19732768,10078493,6
8000,25792924,13235285,6
9000,32441325,16612539,6
10000,40104088,20573059,6
11000,48634687,24903003,6
12000,57578645,29526499,6
13000,68093715,34863208,6
14000,79347539,40670352,6
15000,90669530,46368459,6
16000,103789049,53185076,6
17000,116272302,59532448,6
18000,131290864,67128968,6
19000,144928475,74455988,6
20000,161627127,82719671,6
21000,176910341,90412350,6
22000,196044222,100465080,6
23000,212833060,109072310,6
24000,233338532,119509923,6
25000,252534089,129582763,6
26000,272290901,139556861,6
27000,294409219,150617452,6
28000,315343932,161742232,6
29000,339911177,174051136,6
30000,363486717,186179352,6
31000,385032647,197347993,6
32000,413582994,211665694,6
33000,440982211,225273064,6
34000,465857491,239351889,6
35000,492587157,252005607,6
36000,518353477,265384803,6
37000,552526950,282714472,6
38000,581938668,298278475,6
39000,617952235,316175631,6
40000,647378717,332188590,6
41000,672195329,344305281,6
42000,716065112,366839302,6
43000,747530364,382482379,6
44000,774425805,396181357,6
45000,813225390,416446953,6
46000,856983464,439296391,6
47000,889952466,456228074,6
48000,933095089,478083924,6
49000,965626532,494427772,6
50000,1006832207,514775470,6
1000,403672,205872,7
2000,1639195,838719,7
3000,3631704,1860498,7
4000,6503638,3315230,7
5000,9983519,5116052,7
6000,14674690,7501808,7
7000,19642169,10075393,7
8000,26026610,13338791,7
9000,32709905,16717045,7
10000,40574296,20777277,7
11000,48850742,24956747,7
12000,57504593,29450282,7
13000,67917682,34825402,7
14000,78831629,40493350,7
15000,91040669,46562986,7
16000,103461384,52997749,7
17000,116291522,59453317,7
18000,130829274,67048130,7
19000,146384768,74864767,7
20000,161297049,82622834,7
21000,176841875,90518315,7
22000,194043763,99614945,7
23000,213695274,109297731,7
24000,231316946,118503302,7
25000,251557128,128642849,7
26000,274261111,140671347,7
27000,293756519,150359519,7
28000,315866989,161776639,7
29000,338960862,173574273,7
30000,364124043,186360085,7
31000,389527827,199395425,7
32000,411386321,210801719,7
33000,435694986,223225680,7
34000,466177054,239277013,7
35000,491539968,251669032,7
36000,524005706,268369995,7
37000,551851167,282829140,7
38000,580702268,298045930,7
39000,614867898,314697871,7
40000,644835724,329826571,7
41000,681434140,349289522,7
42000,709905587,363797686,7
43000,742490256,380654035,7
44000,783726688,400835432,7
45000,810504689,415377028,7
46000,853254128,436789345,7
47000,894709956,459285062,7
48000,931613974,476858683,7
49000,963978322,493929902,7
50000,1009472966,517279282,7
1000,411261,209643,8
2000,1580850,807862,8
3000,3557841,1830386,8
4000,6484155,3325070,8
5000,9959480,5112159,8
6000,14277868,7296556,8
7000,19666113,10109696,8
8000,25645620,13151210,8
9000,32419856,16562416,8
10000,40152823,20548191,8
11000,49028470,25056899,8
12000,57808281,29612512,8
13000,67386621,34509633,8
14000,78708003,40200045,8
15000,90166214,46206723,8
16000,103971436,53222291,8
17000,116411281,59550868,8
18000,130553123,66949825,8
19000,144578241,73996124,8
20000,162385965,83133074,8
21000,176815694,90289168,8
22000,195982517,100300547,8
23000,213154280,108917764,8
24000,233810524,119711010,8
25000,253626642,129729283,8
26000,272655782,139445222,8
27000,293829630,150329419,8
28000,318094512,162984056,8
29000,338282369,173537381,8
30000,362229898,185440566,8
31000,392930872,201701625,8
32000,408496013,208944724,8
33000,440151829,225604567,8
34000,464525467,237942315,8
35000,495175722,253531230,8
36000,523741242,268395329,8
37000,554055037,283608188,8
38000,583967611,299051510,8
39000,613645819,314359477,8
40000,645875889,330990604,8
41000,679568865,348081798,8
42000,713129768,365258072,8
43000,747799021,382893124,8
44000,779946937,399718054,8
45000,820773687,420525156,8
46000,853946417,437435069,8
47000,888983337,455421660,8
48000,931240420,477169414,8
49000,974692161,499292433,8
50000,1010663537,517411618,8
1000,393277,202689,9
2000,1589814,814940,9
3000,3627765,1859842,9
4000,6544862,3355808,9
5000,10208408,5209456,9
6000,14817962,7564133,9
7000,19889740,10168774,9
8000,25439130,12952071,9
9000,32849562,16785072,9
10000,40362154,20696420,9
11000,48817062,25002663,9
12000,57872021,29624550,9
13000,67447393,34560017,9
14000,79417355,40628348,9
15000,91022049,46557574,9
16000,103947465,53165931,9
17000,117620864,60256169,9
18000,129752308,66398962,9
19000,144570190,74003701,9
20000,161511235,82796322,9
21000,178157018,91396083,9
22000,194877300,99997609,9
23000,213637032,109427317,9
24000,232494545,119031968,9
25000,252170801,129306639,9
26000,273131625,139945294,9
27000,294760645,151212082,9
28000,315860189,161826981,9
29000,340652225,174226688,9
30000,361253528,185034155,9
31000,385667549,197822077,9
32000,413295497,211492918,9
33000,438903243,224878441,9
34000,464748780,238102896,9
35000,492180885,252319335,9
36000,524678170,268684501,9
37000,552080621,282769260,9
38000,584659891,299473783,9
39000,614460116,315254993,9
40000,643507325,329620627,9
41000,679680572,348066746,9
42000,710632646,363862028,9
43000,743524025,380838824,9
44000,783895862,401186851,9
45000,818006287,418932040,9
46000,852350640,436932463,9
47000,894682752,457930131,9
48000,930525779,476891853,9
49000,970267446,497071947,9
50000,1011127181,518018416,9
1000,404801,208837,10
2000,1627791,834740,10
3000,3591348,1842599,10
4000,6544629,3356087,10
5000,9912720,5071561,10
6000,14458851,7426734,10
7000,19735733,10110248,10
8000,25758126,13191613,10
9000,32441886,16539996,10
10000,40675798,20825731,10
11000,48493497,24860041,10
12000,57607746,29524263,10
13000,67707887,34794031,10
14000,78847410,40375400,10
15000,90623826,46476819,10
16000,103289655,52803728,10
17000,117162015,59937159,10
18000,129406684,66124926,10
19000,144782957,74025460,10
20000,160509329,82154738,10
21000,177073949,90652335,10
22000,195764395,100316414,10
23000,212231789,108894374,10
24000,232520716,119093798,10
25000,251818966,128992288,10
26000,276175890,141481347,10
27000,291682929,149464964,10
28000,314712767,161388259,10
29000,339811333,174027966,10
30000,364762626,186738170,10
31000,388157079,198916255,10
32000,413091479,211171766,10
33000,438797596,224604035,10
34000,464439473,237947561,10
35000,497418202,255011865,10
36000,523969240,268651405,10
37000,552710865,283094433,10
38000,578296542,296542902,10
39000,616421848,315394295,10
40000,645243886,330525882,10
41000,676862479,346568368,10
42000,710831151,364128529,10
43000,744577266,381591293,10
44000,779854318,399857995,10
45000,817040823,418731648,10
46000,851235825,435925321,10
47000,889471578,455861181,10
48000,929664292,476200531,10
49000,967219686,494769224,10
50000,1003452966,514034231,10
